protein1 protein2 combined_score
0 70 1
0 191 1
0 83 1
0 17 1
0 140 1
0 76 1
0 131 1
0 144 1
0 78 1
0 120 1
0 67 1
0 188 1
0 80 1
0 1 1
0 135 1
0 3 1
0 192 1
0 115 1
0 7 1
0 62 1
0 130 1
0 64 1
0 185 1
0 119 1
0 174 1
0 187 1
0 121 1
0 189 1
0 110 1
0 178 1
0 46 1
0 48 1
0 50 1
0 105 1
0 52 1
0 94 1
0 107 1
0 41 1
0 162 1
0 175 1
0 96 1
0 153 1
0 166 1
0 100 1
0 113 1
0 155 1
0 102 1
0 36 1
0 146 1
0 93 1
0 27 1
0 148 1
0 40 1
0 161 1
0 150 1
0 42 1
0 163 1
0 152 1
0 141 1
0 33 1
0 75 1
0 198 1
0 145 1
0 92 1
0 26 1
0 147 1
0 28 1
1 188 1
1 14 1
1 148 1
1 69 1
1 124 1
1 71 1
1 84 1
1 5 1
1 126 1
1 139 1
1 20 1
1 62 1
1 183 1
1 196 1
1 117 1
1 9 1
1 132 1
1 66 1
1 187 1
1 121 1
1 13 1
1 134 1
1 176 1
1 189 1
1 2 1
1 123 1
1 57 1
1 178 1
1 70 1
1 4 1
1 59 1
1 193 1
1 48 1
1 61 1
1 182 1
1 171 1
1 63 1
1 65 1
1 175 1
1 109 1
1 122 1
1 164 1
1 56 1
1 177 1
1 111 1
1 34 1
1 168 1
1 115 1
1 104 1
1 159 1
1 106 1
1 95 1
1 108 1
1 29 1
1 165 1
1 167 1
1 22 1
1 156 1
1 103 1
1 79 1
1 26 1
1 147 1
1 81 1
1 149 1
1 96 1
1 17 1
1 138 1
1 30 1
1 151 1
1 72 1
1 19 1
1 32 1
1 8 1
1 21 1
1 76 1
1 197 1
1 89 1
1 91 1
2 184 1
2 105 1
2 160 1
2 173 1
2 120 1
2 43 1
2 177 1
2 113 1
2 155 1
2 168 1
2 89 1
2 36 1
2 170 1
2 91 1
2 25 1
2 38 1
2 159 1
2 93 1
2 106 1
2 40 1
2 42 1
2 163 1
2 152 1
2 86 1
2 33 1
2 154 1
2 101 1
2 77 1
2 198 1
2 90 1
2 145 1
2 37 1
2 13 1
2 136 1
2 70 1
2 83 1
2 17 1
2 138 1
2 30 1
2 72 1
2 193 1
2 85 1
2 140 1
2 87 1
2 197 1
2 131 1
2 23 1
2 65 1
2 199 1
2 67 1
2 188 1
2 80 1
2 14 1
2 69 1
2 82 1
2 5 1
2 139 1
2 181 1
2 73 1
2 194 1
2 115 1
2 7 1
2 128 1
2 183 1
2 196 1
2 117 1
2 51 1
2 66 1
2 187 1
2 108 1
2 121 1
2 110 1
2 57 1
2 191 1
2 46 1
2 180 1
2 114 1
2 127 1
2 169 1
3 5 1
3 18 1
3 7 1
3 128 1
3 75 1
3 196 1
3 9 1
3 198 1
3 119 1
3 11 1
3 187 1
3 176 1
3 189 1
3 123 1
3 178 1
3 191 1
3 125 1
3 114 1
3 61 1
3 103 1
3 116 1
3 184 1
3 160 1
3 52 1
3 173 1
3 164 1
3 98 1
3 111 1
3 45 1
3 155 1
3 47 1
3 168 1
3 49 1
3 170 1
3 104 1
3 38 1
3 40 1
3 108 1
3 163 1
3 84 1
3 97 1
3 31 1
3 44 1
3 165 1
3 20 1
3 35 1
3 90 1
3 24 1
3 158 1
3 147 1
3 70 1
3 138 1
3 193 1
3 19 1
3 129 1
3 89 1
3 10 1
3 131 1
3 65 1
3 12 1
3 80 1
3 122 1
3 69 1
3 71 1
4 96 1
4 109 1
4 111 1
4 32 1
4 153 1
4 100 1
4 47 1
4 89 1
4 23 1
4 36 1
4 104 1
4 146 1
4 38 1
4 159 1
4 106 1
4 161 1
4 150 1
4 97 1
4 139 1
4 31 1
4 20 1
4 33 1
4 154 1
4 75 1
4 143 1
4 35 1
4 77 1
4 90 1
4 26 1
4 68 1
4 81 1
4 15 1
4 136 1
4 83 1
4 72 1
4 193 1
4 127 1
4 19 1
4 74 1
4 195 1
4 63 1
4 184 1
4 76 1
4 144 1
4 65 1
4 186 1
4 120 1
4 133 1
4 122 1
4 14 1
4 177 1
4 124 1
4 179 1
4 192 1
4 126 1
4 128 1
4 196 1
4 51 1
4 119 1
4 174 1
4 66 1
4 42 1
4 55 1
4 189 1
4 110 1
4 123 1
4 165 1
4 46 1
4 180 1
4 114 1
4 169 1
4 103 1
4 50 1
4 105 1
4 160 1
4 52 1
4 173 1
4 107 1
4 54 1
4 175 1
5 27 1
5 40 1
5 95 1
5 108 1
5 29 1
5 150 1
5 42 1
5 97 1
5 31 1
5 152 1
5 86 1
5 99 1
5 20 1
5 33 1
5 154 1
5 88 1
5 101 1
5 143 1
5 156 1
5 103 1
5 145 1
5 37 1
5 158 1
5 79 1
5 92 1
5 15 1
5 136 1
5 28 1
5 83 1
5 96 1
5 138 1
5 30 1
5 153 1
5 74 1
5 195 1
5 87 1
5 8 1
5 142 1
5 89 1
5 10 1
5 65 1
5 133 1
5 135 1
5 69 1
5 124 1
5 71 1
5 192 1
5 84 1
5 126 1
5 18 1
5 139 1
5 60 1
5 181 1
5 73 1
5 194 1
5 62 1
5 183 1
5 9 1
5 64 1
5 185 1
5 132 1
5 53 1
5 66 1
5 121 1
5 55 1
5 68 1
5 189 1
5 110 1
5 123 1
5 178 1
5 193 1
5 114 1
5 6 1
5 127 1
5 169 1
5 182 1
5 116 1
5 129 1
5 171 1
5 105 1
5 118 1
5 107 1
5 43 1
5 111 1
5 166 1
5 58 1
5 47 1
5 168 1
5 102 1
5 157 1
5 170 1
5 104 1
5 38 1
5 51 1
5 106 1
6 48 1
6 182 1
6 116 1
6 171 1
6 184 1
6 105 1
6 118 1
6 52 1
6 173 1
6 65 1
6 186 1
6 56 1
6 98 1
6 113 1
6 102 1
6 36 1
6 157 1
6 49 1
6 106 1
6 40 1
6 161 1
6 108 1
6 29 1
6 150 1
6 163 1
6 31 1
6 44 1
6 165 1
6 33 1
6 88 1
6 143 1
6 35 1
6 103 1
6 24 1
6 158 1
6 79 1
6 92 1
6 26 1
6 28 1
6 96 1
6 30 1
6 85 1
6 19 1
6 140 1
6 32 1
6 153 1
6 87 1
6 8 1
6 155 1
6 197 1
6 89 1
6 23 1
6 144 1
6 91 1
6 12 1
6 146 1
6 67 1
6 190 1
6 124 1
6 126 1
6 18 1
6 60 1
6 7 1
6 20 1
6 62 1
6 183 1
6 75 1
6 130 1
6 185 1
6 53 1
6 66 1
6 134 1
6 176 1
6 189 1
6 136 1
6 57 1
6 178 1
6 114 1
7 33 1
7 154 1
7 22 1
7 35 1
7 156 1
7 90 1
7 158 1
7 92 1
7 147 1
7 81 1
7 136 1
7 28 1
7 138 1
7 151 1
7 193 1
7 19 1
7 195 1
7 8 1
7 142 1
7 63 1
7 23 1
7 199 1
7 146 1
7 82 1
7 124 1
7 192 1
7 128 1
7 75 1
7 196 1
7 130 1
7 51 1
7 64 1
7 174 1
7 66 1
7 176 1
7 68 1
7 189 1
7 123 1
7 44 1
7 57 1
7 178 1
7 46 1
7 59 1
7 180 1
7 169 1
7 61 1
7 103 1
7 50 1
7 184 1
7 105 1
7 160 1
7 107 1
7 54 1
7 175 1
7 96 1
7 109 1
7 56 1
7 177 1
7 34 1
7 155 1
7 47 1
7 168 1
7 89 1
7 157 1
7 106 1
7 27 1
7 40 1
7 161 1
7 95 1
7 150 1
7 163 1
8 120 1
8 32 1
8 45 1
8 166 1
8 179 1
8 100 1
8 155 1
8 36 1
8 157 1
8 49 1
8 91 1
8 38 1
8 27 1
8 148 1
8 40 1
8 29 1
8 84 1
8 152 1
8 165 1
8 99 1
8 22 1
8 143 1
8 35 1
8 77 1
8 37 1
8 94 1
8 149 1
8 30 1
8 72 1
8 193 1
8 140 1
8 195 1
8 142 1
8 76 1
8 131 1
8 65 1
8 199 1
8 146 1
8 67 1
8 188 1
8 14 1
8 190 1
8 82 1
8 124 1
8 16 1
8 181 1
8 73 1
8 194 1
8 115 1
8 128 1
8 183 1
8 196 1
8 117 1
8 51 1
8 185 1
8 187 1
8 55 1
8 68 1
8 178 1
8 167 1
8 59 1
8 48 1
8 182 1
8 103 1
8 116 1
8 50 1
8 184 1
8 160 1
8 52 1
9 11 1
9 132 1
9 24 1
9 92 1
9 13 1
9 147 1
9 68 1
9 81 1
9 136 1
9 149 1
9 17 1
9 138 1
9 127 1
9 19 1
9 129 1
9 184 1
9 76 1
9 197 1
9 131 1
9 65 1
9 199 1
9 120 1
9 14 1
9 177 1
9 190 1
9 124 1
9 58 1
9 126 1
9 60 1
9 73 1
9 194 1
9 128 1
9 49 1
9 117 1
9 130 1
9 51 1
9 53 1
9 174 1
9 176 1
9 110 1
9 44 1
9 165 1
9 178 1
9 112 1
9 46 1
9 169 1
9 37 1
9 118 1
9 52 1
9 175 1
9 30 1
9 164 1
9 111 1
9 153 1
9 45 1
9 47 1
9 168 1
9 23 1
9 36 1
9 170 1
9 91 1
9 25 1
9 93 1
9 27 1
9 161 1
9 150 1
9 97 1
9 141 1
9 75 1
9 196 1
9 22 1
9 156 1
10 21 1
10 142 1
10 76 1
10 197 1
10 131 1
10 12 1
10 133 1
10 25 1
10 146 1
10 188 1
10 14 1
10 82 1
10 16 1
10 84 1
10 126 1
10 60 1
10 141 1
10 183 1
10 196 1
10 117 1
10 130 1
10 11 1
10 53 1
10 66 1
10 176 1
10 189 1
10 110 1
10 123 1
10 191 1
10 125 1
10 193 1
10 129 1
10 105 1
10 173 1
10 43 1
10 56 1
10 98 1
10 111 1
10 166 1
10 179 1
10 113 1
10 34 1
10 36 1
10 159 1
10 51 1
10 172 1
10 93 1
10 174 1
10 29 1
10 31 1
10 152 1
10 165 1
10 33 1
10 22 1
10 143 1
10 103 1
10 145 1
10 26 1
10 160 1
10 81 1
10 94 1
10 15 1
10 136 1
10 96 1
10 30 1
10 72 1
10 85 1
10 19 1
10 153 1
10 195 1
11 167 1
11 48 1
11 103 1
11 184 1
11 160 1
11 173 1
11 107 1
11 162 1
11 54 1
11 96 1
11 109 1
11 164 1
11 153 1
11 45 1
11 166 1
11 168 1
11 89 1
11 102 1
11 170 1
11 91 1
11 104 1
11 38 1
11 27 1
11 40 1
11 95 1
11 150 1
11 31 1
11 154 1
11 88 1
11 198 1
11 158 1
11 13 1
11 134 1
11 26 1
11 81 1
11 149 1
11 191 1
11 30 1
11 85 1
11 19 1
11 140 1
11 195 1
11 87 1
11 142 1
11 131 1
11 144 1
11 65 1
11 78 1
11 199 1
11 188 1
11 14 1
11 135 1
11 56 1
11 69 1
11 190 1
11 124 1
11 16 1
11 179 1
11 192 1
11 126 1
11 139 1
11 60 1
11 181 1
11 62 1
11 183 1
11 75 1
11 130 1
11 172 1
11 119 1
11 187 1
11 108 1
11 121 1
11 55 1
11 68 1
11 189 1
11 57 1
12 14 1
12 82 1
12 124 1
12 58 1
12 192 1
12 126 1
12 139 1
12 60 1
12 183 1
12 75 1
12 196 1
12 185 1
12 119 1
12 132 1
12 55 1
12 68 1
12 189 1
12 110 1
12 44 1
12 57 1
12 178 1
12 125 1
12 46 1
12 167 1
12 59 1
12 127 1
12 169 1
12 182 1
12 103 1
12 116 1
12 105 1
12 39 1
12 52 1
12 173 1
12 120 1
12 54 1
12 164 1
12 56 1
12 111 1
12 153 1
12 45 1
12 166 1
12 36 1
12 104 1
12 38 1
12 93 1
12 106 1
12 40 1
12 29 1
12 42 1
12 163 1
12 18 1
12 31 1
12 152 1
12 86 1
12 99 1
12 141 1
12 154 1
12 101 1
12 22 1
12 143 1
12 156 1
12 145 1
12 37 1
12 158 1
12 92 1
12 13 1
12 26 1
12 147 1
12 15 1
12 136 1
12 149 1
12 70 1
12 17 1
12 30 1
12 151 1
12 72 1
12 85 1
12 19 1
12 140 1
12 74 1
12 195 1
12 21 1
12 142 1
12 197 1
12 131 1
12 144 1
12 78 1
12 199 1
12 133 1
12 146 1
13 22 1
13 35 1
13 145 1
13 37 1
13 79 1
13 92 1
13 26 1
13 81 1
13 28 1
13 149 1
13 83 1
13 72 1
13 74 1
13 129 1
13 21 1
13 197 1
13 131 1
13 65 1
13 78 1
13 199 1
13 133 1
13 146 1
13 80 1
13 122 1
13 14 1
13 135 1
13 82 1
13 71 1
13 18 1
13 60 1
13 115 1
13 128 1
13 183 1
13 75 1
13 51 1
13 185 1
13 198 1
13 119 1
13 174 1
13 187 1
13 121 1
13 55 1
13 123 1
13 167 1
13 59 1
13 180 1
13 114 1
13 48 1
13 61 1
13 182 1
13 116 1
13 50 1
13 63 1
13 105 1
13 118 1
13 52 1
13 173 1
13 120 1
13 41 1
13 54 1
13 164 1
13 56 1
13 98 1
13 166 1
13 179 1
13 100 1
13 34 1
13 157 1
13 49 1
13 104 1
13 25 1
13 93 1
13 27 1
13 95 1
13 31 1
13 165 1
13 141 1
13 154 1
14 49 1
14 170 1
14 91 1
14 104 1
14 38 1
14 159 1
14 51 1
14 93 1
14 106 1
14 27 1
14 40 1
14 95 1
14 29 1
14 150 1
14 84 1
14 152 1
14 44 1
14 165 1
14 99 1
14 154 1
14 35 1
14 156 1
14 24 1
14 145 1
14 92 1
14 26 1
14 15 1
14 28 1
14 96 1
14 138 1
14 72 1
14 85 1
14 153 1
14 74 1
14 23 1
14 133 1
14 146 1
14 188 1
14 122 1
14 190 1
14 124 1
14 137 1
14 71 1
14 60 1
14 73 1
14 128 1
14 62 1
14 196 1
14 130 1
14 64 1
14 132 1
14 174 1
14 121 1
14 55 1
14 68 1
14 189 1
14 110 1
14 123 1
14 178 1
14 70 1
14 191 1
14 127 1
14 48 1
14 116 1
14 63 1
14 184 1
14 105 1
14 41 1
14 162 1
14 54 1
14 175 1
14 43 1
14 164 1
14 56 1
14 177 1
14 45 1
14 166 1
14 113 1
14 155 1
14 47 1
15 123 1
15 57 1
15 178 1
15 191 1
15 125 1
15 180 1
15 193 1
15 114 1
15 61 1
15 116 1
15 63 1
15 184 1
15 105 1
15 52 1
15 173 1
15 186 1
15 41 1
15 162 1
15 54 1
15 122 1
15 45 1
15 58 1
15 179 1
15 113 1
15 155 1
15 47 1
15 168 1
15 115 1
15 49 1
15 104 1
15 38 1
15 51 1
15 172 1
15 95 1
15 150 1
15 84 1
15 44 1
15 165 1
15 86 1
15 20 1
15 167 1
15 24 1
15 79 1
15 92 1
15 39 1
15 136 1
15 83 1
15 30 1
15 151 1
15 87 1
15 129 1
15 76 1
15 23 1
15 65 1
15 146 1
15 67 1
15 188 1
15 135 1
15 148 1
15 190 1
15 192 1
15 18 1
15 139 1
15 60 1
15 194 1
15 141 1
15 183 1
15 130 1
15 64 1
15 77 1
15 132 1
15 66 1
15 121 1
15 55 1
15 189 1
16 93 1
16 106 1
16 161 1
16 82 1
16 163 1
16 84 1
16 97 1
16 31 1
16 152 1
16 99 1
16 20 1
16 33 1
16 35 1
16 77 1
16 24 1
16 134 1
16 94 1
16 191 1
16 30 1
16 87 1
16 142 1
16 63 1
16 76 1
16 131 1
16 186 1
16 78 1
16 133 1
16 188 1
16 80 1
16 122 1
16 135 1
16 56 1
16 190 1
16 192 1
16 60 1
16 194 1
16 128 1
16 183 1
16 75 1
16 117 1
16 172 1
16 185 1
16 119 1
16 132 1
16 53 1
16 174 1
16 187 1
16 121 1
16 189 1
16 110 1
16 178 1
16 112 1
16 125 1
16 59 1
16 114 1
16 48 1
16 182 1
16 116 1
16 37 1
16 171 1
16 184 1
16 105 1
16 175 1
16 177 1
16 98 1
16 32 1
16 100 1
16 34 1
16 155 1
16 89 1
16 102 1
16 36 1
16 157 1
16 49 1
16 170 1
16 104 1
16 146 1
17 169 1
17 61 1
17 182 1
17 50 1
17 171 1
17 39 1
17 52 1
17 173 1
17 107 1
17 41 1
17 162 1
17 109 1
17 43 1
17 164 1
17 111 1
17 166 1
17 155 1
17 91 1
17 172 1
17 93 1
17 148 1
17 40 1
17 29 1
17 42 1
17 163 1
17 97 1
17 18 1
17 152 1
17 165 1
17 86 1
17 99 1
17 141 1
17 101 1
17 35 1
17 156 1
17 198 1
17 145 1
17 37 1
17 158 1
17 134 1
17 26 1
17 147 1
17 136 1
17 28 1
17 138 1
17 30 1
17 193 1
17 85 1
17 19 1
17 140 1
17 87 1
17 142 1
17 23 1
17 65 1
17 199 1
17 133 1
17 146 1
17 80 1
17 122 1
17 69 1
17 190 1
17 82 1
17 58 1
17 71 1
17 60 1
17 181 1
17 73 1
17 194 1
17 128 1
17 51 1
17 64 1
17 185 1
17 119 1
17 132 1
17 53 1
17 108 1
17 121 1
17 44 1
17 46 1
17 167 1
18 62 1
18 185 1
18 119 1
18 132 1
18 53 1
18 174 1
18 66 1
18 187 1
18 55 1
18 176 1
18 189 1
18 123 1
18 57 1
18 178 1
18 191 1
18 112 1
18 46 1
18 167 1
18 59 1
18 116 1
18 50 1
18 105 1
18 52 1
18 32 1
18 45 1
18 100 1
18 155 1
18 102 1
18 36 1
18 49 1
18 25 1
18 148 1
18 161 1
18 95 1
18 108 1
18 29 1
18 165 1
18 86 1
18 33 1
18 88 1
18 101 1
18 22 1
18 77 1
18 37 1
18 147 1
18 81 1
18 94 1
18 70 1
18 151 1
18 72 1
18 74 1
18 142 1
18 76 1
18 197 1
18 89 1
18 65 1
18 78 1
18 133 1
18 146 1
18 67 1
18 69 1
18 192 1
19 30 1
19 151 1
19 193 1
19 74 1
19 142 1
19 197 1
19 89 1
19 23 1
19 144 1
19 65 1
19 146 1
19 122 1
19 135 1
19 69 1
19 124 1
19 137 1
19 58 1
19 181 1
19 128 1
19 183 1
19 75 1
19 196 1
19 185 1
19 53 1
19 174 1
19 66 1
19 55 1
19 68 1
19 110 1
19 57 1
19 178 1
19 125 1
19 46 1
19 59 1
19 180 1
19 114 1
19 48 1
19 169 1
19 182 1
19 50 1
19 63 1
19 105 1
19 39 1
19 120 1
19 54 1
19 109 1
19 164 1
19 177 1
19 32 1
19 45 1
19 100 1
19 34 1
19 155 1
19 47 1
19 115 1
19 159 1
19 93 1
19 27 1
19 148 1
19 40 1
19 161 1
19 95 1
19 84 1
19 97 1
19 31 1
19 152 1
19 44 1
19 165 1
19 86 1
19 99 1
19 154 1
19 88 1
19 35 1
19 77 1
19 79 1
19 92 1
19 160 1
19 81 1
19 136 1
19 28 1
20 51 1
20 93 1
20 27 1
20 108 1
20 150 1
20 42 1
20 97 1
20 86 1
20 99 1
20 167 1
20 88 1
20 22 1
20 90 1
20 37 1
20 79 1
20 147 1
20 136 1
20 28 1
20 149 1
20 151 1
20 72 1
20 140 1
20 153 1
20 23 1
20 65 1
20 78 1
20 199 1
20 133 1
20 25 1
20 146 1
20 82 1
20 137 1
20 139 1
20 73 1
20 183 1
20 196 1
20 185 1
20 77 1
20 119 1
20 68 1
20 70 1
20 191 1
20 112 1
20 59 1
20 180 1
20 127 1
20 169 1
20 61 1
20 116 1
20 50 1
20 171 1
20 184 1
20 118 1
20 39 1
20 186 1
20 175 1
20 56 1
20 98 1
20 111 1
20 179 1
20 100 1
20 155 1
20 47 1
20 102 1
21 78 1
21 120 1
21 188 1
21 135 1
21 69 1
21 124 1
21 179 1
21 192 1
21 139 1
21 181 1
21 73 1
21 75 1
21 51 1
21 132 1
21 66 1
21 187 1
21 55 1
21 189 1
21 123 1
21 125 1
21 167 1
21 59 1
21 180 1
21 114 1
21 50 1
21 118 1
21 39 1
21 52 1
21 107 1
21 41 1
21 162 1
21 175 1
21 164 1
21 111 1
21 153 1
21 45 1
21 34 1
21 102 1
21 36 1
21 104 1
21 93 1
21 106 1
21 27 1
21 82 1
21 29 1
21 97 1
21 86 1
21 99 1
21 154 1
21 143 1
21 35 1
21 90 1
21 158 1
21 134 1
21 26 1
21 94 1
21 136 1
21 127 1
21 87 1
22 141 1
22 183 1
22 196 1
22 130 1
22 185 1
22 198 1
22 119 1
22 132 1
22 66 1
22 121 1
22 134 1
22 55 1
22 176 1
22 68 1
22 189 1
22 57 1
22 193 1
22 127 1
22 48 1
22 116 1
22 129 1
22 171 1
22 184 1
22 105 1
22 118 1
22 186 1
22 120 1
22 54 1
22 175 1
22 164 1
22 100 1
22 34 1
22 168 1
22 181 1
22 102 1
22 36 1
22 117 1
22 40 1
22 95 1
22 150 1
22 163 1
22 97 1
22 31 1
22 86 1
22 33 1
22 154 1
22 46 1
22 103 1
22 37 1
22 158 1
22 92 1
22 147 1
22 39 1
22 81 1
22 83 1
22 96 1
22 32 1
22 74 1
22 195 1
22 87 1
22 155 1
22 76 1
22 144 1
22 25 1
22 146 1
22 67 1
22 135 1
22 148 1
22 124 1
22 137 1
22 192 1
23 43 1
23 164 1
23 100 1
23 113 1
23 34 1
23 47 1
23 168 1
23 36 1
23 170 1
23 104 1
23 38 1
23 159 1
23 172 1
23 93 1
23 108 1
23 42 1
23 165 1
23 86 1
23 99 1
23 141 1
23 33 1
23 88 1
23 35 1
23 145 1
23 37 1
23 92 1
23 149 1
23 83 1
23 138 1
23 72 1
23 193 1
23 153 1
23 195 1
23 89 1
23 131 1
23 133 1
23 188 1
23 80 1
23 122 1
23 135 1
23 124 1
23 137 1
23 60 1
23 115 1
23 62 1
23 183 1
23 117 1
23 130 1
23 64 1
23 119 1
23 132 1
23 66 1
23 121 1
23 176 1
23 112 1
23 125 1
23 46 1
23 48 1
23 116 1
23 184 1
23 105 1
23 118 1
23 39 1
23 96 1
24 64 1
24 185 1
24 119 1
24 187 1
24 134 1
24 123 1
24 57 1
24 191 1
24 46 1
24 61 1
24 182 1
24 116 1
24 171 1
24 120 1
24 41 1
24 175 1
24 109 1
24 43 1
24 56 1
24 177 1
24 32 1
24 45 1
24 113 1
24 34 1
24 47 1
24 115 1
24 157 1
24 170 1
24 91 1
24 104 1
24 38 1
24 161 1
24 108 1
24 29 1
24 42 1
24 163 1
24 31 1
24 152 1
24 44 1
24 86 1
24 99 1
24 77 1
24 90 1
24 145 1
24 37 1
24 92 1
24 26 1
24 147 1
24 81 1
24 136 1
24 72 1
24 74 1
24 76 1
24 25 1
24 146 1
24 188 1
24 80 1
24 82 1
24 137 1
24 58 1
24 71 1
24 139 1
24 73 1
24 62 1
24 75 1
24 117 1
25 155 1
25 47 1
25 36 1
25 157 1
25 91 1
25 104 1
25 146 1
25 38 1
25 159 1
25 93 1
25 161 1
25 42 1
25 84 1
25 31 1
25 33 1
25 75 1
25 143 1
25 77 1
25 198 1
25 145 1
25 79 1
25 26 1
25 81 1
25 149 1
25 72 1
25 193 1
25 127 1
25 74 1
25 195 1
25 87 1
25 129 1
25 63 1
25 131 1
25 65 1
25 186 1
25 133 1
25 67 1
25 190 1
25 192 1
25 113 1
25 126 1
25 73 1
25 128 1
25 62 1
25 117 1
25 51 1
25 172 1
25 174 1
25 121 1
25 55 1
25 176 1
25 110 1
25 165 1
25 57 1
25 180 1
25 48 1
25 39 1
25 160 1
25 107 1
25 54 1
25 96 1
25 109 1
25 30 1
25 98 1
25 153 1
26 86 1
26 33 1
26 46 1
26 167 1
26 88 1
26 35 1
26 90 1
26 145 1
26 158 1
26 79 1
26 92 1
26 39 1
26 160 1
26 81 1
26 28 1
26 138 1
26 30 1
26 151 1
26 85 1
26 195 1
26 87 1
26 155 1
26 131 1
26 144 1
26 78 1
26 91 1
26 67 1
26 148 1
26 69 1
26 190 1
26 192 1
26 181 1
26 141 1
26 62 1
26 130 1
26 132 1
26 66 1
26 187 1
26 121 1
26 55 1
26 176 1
26 68 1
26 189 1
26 57 1
26 178 1
26 70 1
26 169 1
26 61 1
26 116 1
26 129 1
26 184 1
26 105 1
26 118 1
26 52 1
26 173 1
26 65 1
26 186 1
26 107 1
26 162 1
26 54 1
26 122 1
26 43 1
26 164 1
26 111 1
26 58 1
26 100 1
26 34 1
26 47 1
26 168 1
26 115 1
26 36 1
26 51 1
26 174 1
26 29 1
26 42 1
26 163 1
26 110 1
26 165 1
27 120 1
27 122 1
27 58 1
27 179 1
27 168 1
27 104 1
27 159 1
27 29 1
27 150 1
27 97 1
27 31 1
27 165 1
27 46 1
27 88 1
27 35 1
27 90 1
27 145 1
27 79 1
27 160 1
27 81 1
27 94 1
27 28 1
27 96 1
27 140 1
27 32 1
27 153 1
27 87 1
27 155 1
27 76 1
27 197 1
27 133 1
27 146 1
27 135 1
27 148 1
27 192 1
27 60 1
27 194 1
27 62 1
27 183 1
27 130 1
27 119 1
27 132 1
27 187 1
27 121 1
27 55 1
27 176 1
27 68 1
27 189 1
27 136 1
27 57 1
27 178 1
27 70 1
27 191 1
27 112 1
27 59 1
27 180 1
27 193 1
27 114 1
27 61 1
27 182 1
27 116 1
27 129 1
27 171 1
27 105 1
27 118 1
28 145 1
28 37 1
28 81 1
28 149 1
28 151 1
28 74 1
28 195 1
28 87 1
28 76 1
28 89 1
28 144 1
28 186 1
28 78 1
28 133 1
28 188 1
28 80 1
28 190 1
28 124 1
28 128 1
28 183 1
28 75 1
28 117 1
28 130 1
28 51 1
28 64 1
28 198 1
28 119 1
28 66 1
28 121 1
28 134 1
28 55 1
28 176 1
28 189 1
28 57 1
28 178 1
28 125 1
28 48 1
28 169 1
28 116 1
28 118 1
28 160 1
28 52 1
28 120 1
28 162 1
28 175 1
28 96 1
28 43 1
28 164 1
28 56 1
28 113 1
28 34 1
28 47 1
28 102 1
28 157 1
28 49 1
28 91 1
28 104 1
28 93 1
28 106 1
28 161 1
28 95 1
28 42 1
28 163 1
28 31 1
28 165 1
28 141 1
28 154 1
28 101 1
28 143 1
28 35 1
28 156 1
28 77 1
29 34 1
29 155 1
29 168 1
29 115 1
29 157 1
29 49 1
29 93 1
29 148 1
29 40 1
29 161 1
29 95 1
29 31 1
29 152 1
29 86 1
29 88 1
29 143 1
29 158 1
29 92 1
29 147 1
29 81 1
29 136 1
29 149 1
29 85 1
29 140 1
29 74 1
29 195 1
29 129 1
29 76 1
29 197 1
29 131 1
29 65 1
29 78 1
29 67 1
29 80 1
29 124 1
29 137 1
29 58 1
29 71 1
29 139 1
29 181 1
29 194 1
29 128 1
29 121 1
29 134 1
29 123 1
29 57 1
29 191 1
29 112 1
29 59 1
29 180 1
29 114 1
29 169 1
29 50 1
29 171 1
29 184 1
29 39 1
29 52 1
29 186 1
29 54 1
29 43 1
29 164 1
30 112 1
30 46 1
30 180 1
30 114 1
30 48 1
30 169 1
30 61 1
30 50 1
30 171 1
30 39 1
30 186 1
30 41 1
30 109 1
30 122 1
30 43 1
30 164 1
30 45 1
30 58 1
30 100 1
30 47 1
30 168 1
30 115 1
30 49 1
30 91 1
30 104 1
30 159 1
30 51 1
30 172 1
30 93 1
30 106 1
30 40 1
30 95 1
30 84 1
30 165 1
30 99 1
30 154 1
30 88 1
30 101 1
30 143 1
30 35 1
30 90 1
30 103 1
30 83 1
30 140 1
30 32 1
30 153 1
30 195 1
30 142 1
30 76 1
30 144 1
30 65 1
30 67 1
30 80 1
30 135 1
30 148 1
30 190 1
30 82 1
30 124 1
30 137 1
30 71 1
30 126 1
30 183 1
30 77 1
30 187 1
30 134 1
30 68 1
30 189 1
30 110 1
30 123 1
31 82 1
31 137 1
31 84 1
31 181 1
31 73 1
31 141 1
31 75 1
31 64 1
31 185 1
31 198 1
31 121 1
31 176 1
31 178 1
31 191 1
31 46 1
31 59 1
31 127 1
31 48 1
31 169 1
31 129 1
31 50 1
31 171 1
31 63 1
31 105 1
31 107 1
31 120 1
31 41 1
31 54 1
31 175 1
31 56 1
31 111 1
31 166 1
31 58 1
31 100 1
31 47 1
31 115 1
31 49 1
31 91 1
31 38 1
31 51 1
31 95 1
31 150 1
31 42 1
31 163 1
31 97 1
31 110 1
31 86 1
31 33 1
31 154 1
31 88 1
31 143 1
31 103 1
31 145 1
31 37 1
31 79 1
31 147 1
31 39 1
31 160 1
31 81 1
31 94 1
31 138 1
31 72 1
31 32 1
31 74 1
31 197 1
31 89 1
31 144 1
31 78 1
31 133 1
32 101 1
32 143 1
32 35 1
32 156 1
32 160 1
32 94 1
32 151 1
32 76 1
32 89 1
32 144 1
32 78 1
32 199 1
32 91 1
32 133 1
32 80 1
32 135 1
32 190 1
32 124 1
32 137 1
32 192 1
32 84 1
32 126 1
32 60 1
32 194 1
32 75 1
32 64 1
32 77 1
32 198 1
32 132 1
32 187 1
32 55 1
32 68 1
32 123 1
32 191 1
32 112 1
32 72 1
32 48 1
32 61 1
32 129 1
32 50 1
32 171 1
32 105 1
32 109 1
32 122 1
32 98 1
32 166 1
32 179 1
32 100 1
32 34 1
32 47 1
32 168 1
32 181 1
32 102 1
32 36 1
32 157 1
32 170 1
32 38 1
32 159 1
32 93 1
32 163 1
32 110 1
32 152 1
32 46 1
32 88 1
33 126 1
33 139 1
33 181 1
33 128 1
33 62 1
33 75 1
33 117 1
33 130 1
33 51 1
33 119 1
33 174 1
33 187 1
33 121 1
33 178 1
33 112 1
33 125 1
33 167 1
33 182 1
33 103 1
33 50 1
33 184 1
33 39 1
33 160 1
33 52 1
33 107 1
33 54 1
33 96 1
33 109 1
33 56 1
33 45 1
33 166 1
33 47 1
33 102 1
33 157 1
33 170 1
33 91 1
33 93 1
33 40 1
33 108 1
33 42 1
33 97 1
33 152 1
33 44 1
33 165 1
33 86 1
33 143 1
33 35 1
33 156 1
33 158 1
33 92 1
33 147 1
33 149 1
33 138 1
33 193 1
33 140 1
33 153 1
33 195 1
33 129 1
33 142 1
33 144 1
33 65 1
33 78 1
33 188 1
33 80 1
33 69 1
33 58 1
33 179 1
33 192 1
34 147 1
34 94 1
34 136 1
34 151 1
34 193 1
34 74 1
34 76 1
34 197 1
34 131 1
34 186 1
34 78 1
34 199 1
34 133 1
34 146 1
34 135 1
34 192 1
34 60 1
34 194 1
34 196 1
34 130 1
34 132 1
34 53 1
34 174 1
34 187 1
34 121 1
34 189 1
34 110 1
34 46 1
34 167 1
34 59 1
34 114 1
34 182 1
34 103 1
34 116 1
34 184 1
34 39 1
34 173 1
34 41 1
34 175 1
34 164 1
34 179 1
34 100 1
34 155 1
34 115 1
34 91 1
34 159 1
34 172 1
34 106 1
34 148 1
34 40 1
34 84 1
34 97 1
34 88 1
34 143 1
34 35 1
34 92 1
35 106 1
35 40 1
35 161 1
35 95 1
35 150 1
35 152 1
35 156 1
35 103 1
35 147 1
35 160 1
35 149 1
35 83 1
35 96 1
35 85 1
35 140 1
35 153 1
35 74 1
35 129 1
35 142 1
35 76 1
35 197 1
35 89 1
35 131 1
35 65 1
35 133 1
35 146 1
35 137 1
35 192 1
35 60 1
35 181 1
35 62 1
35 75 1
35 130 1
35 187 1
35 121 1
35 55 1
35 176 1
35 68 1
35 123 1
35 191 1
35 59 1
35 116 1
35 184 1
35 105 1
35 118 1
35 120 1
35 41 1
35 162 1
35 54 1
35 175 1
35 122 1
35 164 1
35 58 1
35 100 1
35 155 1
35 168 1
35 36 1
35 157 1
35 49 1
35 170 1
35 38 1
36 48 1
36 169 1
36 182 1
36 129 1
36 171 1
36 63 1
36 105 1
36 118 1
36 173 1
36 65 1
36 186 1
36 162 1
36 109 1
36 122 1
36 43 1
36 111 1
36 45 1
36 166 1
36 58 1
36 47 1
36 159 1
36 51 1
36 161 1
36 174 1
36 42 1
36 97 1
36 110 1
36 44 1
36 99 1
36 37 1
36 158 1
36 79 1
36 147 1
36 39 1
36 160 1
36 96 1
36 151 1
36 72 1
36 153 1
36 74 1
36 87 1
36 197 1
36 131 1
36 144 1
36 199 1
36 133 1
36 67 1
36 135 1
36 69 1
36 190 1
36 124 1
36 137 1
36 71 1
36 181 1
36 73 1
36 196 1
36 117 1
36 130 1
36 64 1
36 185 1
36 187 1
36 176 1
36 68 1
36 189 1
36 123 1
36 178 1
36 191 1
36 125 1
36 59 1
36 180 1
37 152 1
37 86 1
37 99 1
37 141 1
37 90 1
37 145 1
37 92 1
37 134 1
37 149 1
37 70 1
37 151 1
37 127 1
37 76 1
37 131 1
37 186 1
37 133 1
37 67 1
37 135 1
37 137 1
37 179 1
37 71 1
37 192 1
37 73 1
37 62 1
37 196 1
37 117 1
37 130 1
37 185 1
37 119 1
37 53 1
37 174 1
37 108 1
37 55 1
37 176 1
37 189 1
37 57 1
37 191 1
37 125 1
37 46 1
37 59 1
37 48 1
37 169 1
37 182 1
37 103 1
37 105 1
37 160 1
37 173 1
37 107 1
37 120 1
37 162 1
37 175 1
37 109 1
37 164 1
37 56 1
37 98 1
37 111 1
37 153 1
37 45 1
37 100 1
37 155 1
37 102 1
37 157 1
37 49 1
37 170 1
37 91 1
37 104 1
37 93 1
37 148 1
37 40 1
37 161 1
37 84 1
38 175 1
38 56 1
38 177 1
38 155 1
38 47 1
38 102 1
38 170 1
38 93 1
38 148 1
38 40 1
38 108 1
38 42 1
38 84 1
38 152 1
38 88 1
38 156 1
38 90 1
38 145 1
38 158 1
38 134 1
38 81 1
38 136 1
38 149 1
38 83 1
38 151 1
38 85 1
38 195 1
38 87 1
38 78 1
38 133 1
38 67 1
38 188 1
38 122 1
38 124 1
38 179 1
38 139 1
38 181 1
38 75 1
38 64 1
38 185 1
38 53 1
38 66 1
38 121 1
38 55 1
38 44 1
38 178 1
38 191 1
38 125 1
38 46 1
38 59 1
38 180 1
38 48 1
38 61 1
38 116 1
38 184 1
38 160 1
38 173 1
39 159 1
39 172 1
39 93 1
39 161 1
39 174 1
39 95 1
39 108 1
39 97 1
39 110 1
39 152 1
39 99 1
39 154 1
39 169 1
39 90 1
39 103 1
39 92 1
39 105 1
39 81 1
39 162 1
39 83 1
39 138 1
39 151 1
39 85 1
39 140 1
39 87 1
39 142 1
39 155 1
39 144 1
39 91 1
39 135 1
39 137 1
39 71 1
39 192 1
39 126 1
39 194 1
39 86 1
39 128 1
39 64 1
39 119 1
39 79 1
39 68 1
39 123 1
39 136 1
39 57 1
39 178 1
39 191 1
39 125 1
39 72 1
39 193 1
39 127 1
39 48 1
39 129 1
39 118 1
39 52 1
39 173 1
39 65 1
39 175 1
39 67 1
39 109 1
39 122 1
39 43 1
39 164 1
39 56 1
39 111 1
39 45 1
39 100 1
39 181 1
39 102 1
40 129 1
40 197 1
40 144 1
40 199 1
40 188 1
40 80 1
40 135 1
40 190 1
40 192 1
40 60 1
40 194 1
40 130 1
40 198 1
40 174 1
40 55 1
40 68 1
40 123 1
40 57 1
40 191 1
40 59 1
40 48 1
40 169 1
40 61 1
40 182 1
40 116 1
40 63 1
40 118 1
40 173 1
40 41 1
40 162 1
40 109 1
40 43 1
40 164 1
40 56 1
40 98 1
40 45 1
40 166 1
40 100 1
40 155 1
40 47 1
40 168 1
40 102 1
40 157 1
40 170 1
40 104 1
40 159 1
40 172 1
40 161 1
40 108 1
40 42 1
40 165 1
40 99 1
40 154 1
40 167 1
40 88 1
40 101 1
40 90 1
40 158 1
40 92 1
40 160 1
40 151 1
40 72 1
40 85 1
40 74 1
40 195 1
40 87 1
41 163 1
41 97 1
41 152 1
41 44 1
41 86 1
41 99 1
41 167 1
41 143 1
41 156 1
41 103 1
41 79 1
41 160 1
41 83 1
41 96 1
41 85 1
41 140 1
41 195 1
41 76 1
41 197 1
41 199 1
41 133 1
41 146 1
41 188 1
41 80 1
41 137 1
41 71 1
41 84 1
41 126 1
41 62 1
41 183 1
41 196 1
41 117 1
41 64 1
41 198 1
41 119 1
41 132 1
41 134 1
41 55 1
41 176 1
41 123 1
41 57 1
41 178 1
41 191 1
41 112 1
41 125 1
41 46 1
41 59 1
41 180 1
41 114 1
41 127 1
41 61 1
41 116 1
41 129 1
41 171 1
41 118 1
41 186 1
41 54 1
41 98 1
41 111 1
41 179 1
41 100 1
41 168 1
41 102 1
41 115 1
41 170 1
41 91 1
41 150 1
42 67 1
42 188 1
42 135 1
42 137 1
42 126 1
42 139 1
42 60 1
42 181 1
42 115 1
42 183 1
42 196 1
42 130 1
42 51 1
42 64 1
42 187 1
42 121 1
42 55 1
42 123 1
42 178 1
42 167 1
42 180 1
42 114 1
42 169 1
42 61 1
42 182 1
42 171 1
42 184 1
42 105 1
42 52 1
42 162 1
42 164 1
42 111 1
42 153 1
42 100 1
42 155 1
42 47 1
42 168 1
42 157 1
42 49 1
42 91 1
42 159 1
42 93 1
42 148 1
42 82 1
42 84 1
42 152 1
42 165 1
42 156 1
42 198 1
42 90 1
42 79 1
42 70 1
42 138 1
42 151 1
42 193 1
42 85 1
42 140 1
42 129 1
42 63 1
42 76 1
42 131 1
42 65 1
42 186 1
42 133 1
43 64 1
43 77 1
43 198 1
43 119 1
43 79 1
43 134 1
43 176 1
43 68 1
43 57 1
43 178 1
43 70 1
43 191 1
43 112 1
43 125 1
43 59 1
43 180 1
43 114 1
43 127 1
43 48 1
43 61 1
43 50 1
43 118 1
43 52 1
43 173 1
43 107 1
43 111 1
43 168 1
43 102 1
43 115 1
43 157 1
43 49 1
43 170 1
43 51 1
43 172 1
43 95 1
43 163 1
43 97 1
43 44 1
43 99 1
43 154 1
43 103 1
43 92 1
43 160 1
43 162 1
43 96 1
43 151 1
43 153 1
43 155 1
43 131 1
43 199 1
43 80 1
43 69 1
43 82 1
43 192 1
43 126 1
43 139 1
43 128 1
43 141 1
43 62 1
43 183 1
43 196 1
43 130 1
44 155 1
44 49 1
44 91 1
44 104 1
44 172 1
44 106 1
44 148 1
44 95 1
44 108 1
44 84 1
44 97 1
44 152 1
44 86 1
44 143 1
44 77 1
44 145 1
44 158 1
44 92 1
44 96 1
44 138 1
44 151 1
44 72 1
44 193 1
44 85 1
44 140 1
44 153 1
44 74 1
44 142 1
44 197 1
44 65 1
44 186 1
44 199 1
44 146 1
44 80 1
44 122 1
44 69 1
44 124 1
44 192 1
44 126 1
44 139 1
44 73 1
44 194 1
44 141 1
44 75 1
44 196 1
44 66 1
44 121 1
44 55 1
44 176 1
44 189 1
44 57 1
44 191 1
44 125 1
44 61 1
44 116 1
44 63 1
44 184 1
44 52 1
44 107 1
44 120 1
44 54 1
44 109 1
44 164 1
44 98 1
44 166 1
44 179 1
45 112 1
45 46 1
45 59 1
45 180 1
45 114 1
45 169 1
45 182 1
45 173 1
45 120 1
45 54 1
45 122 1
45 164 1
45 56 1
45 179 1
45 168 1
45 157 1
45 51 1
45 172 1
45 93 1
45 106 1
45 161 1
45 163 1
45 99 1
45 167 1
45 88 1
45 143 1
45 90 1
45 103 1
45 145 1
45 158 1
45 92 1
45 81 1
45 149 1
45 193 1
45 140 1
45 87 1
45 197 1
45 65 1
45 78 1
45 146 1
45 67 1
45 135 1
45 69 1
45 124 1
45 137 1
45 192 1
45 73 1
45 128 1
45 75 1
45 117 1
45 130 1
45 64 1
45 77 1
45 119 1
45 132 1
45 134 1
45 176 1
45 68 1
46 188 1
46 80 1
46 82 1
46 84 1
46 126 1
46 139 1
46 181 1
46 73 1
46 194 1
46 62 1
46 75 1
46 64 1
46 198 1
46 132 1
46 53 1
46 66 1
46 187 1
46 55 1
46 57 1
46 191 1
46 112 1
46 180 1
46 193 1
46 114 1
46 182 1
46 105 1
46 118 1
46 65 1
46 54 1
46 175 1
46 122 1
46 56 1
46 111 1
46 58 1
46 100 1
46 47 1
46 168 1
46 91 1
46 51 1
46 93 1
46 161 1
46 108 1
46 110 1
46 86 1
46 154 1
46 90 1
46 103 1
46 147 1
46 160 1
46 81 1
46 149 1
46 96 1
46 72 1
46 140 1
46 153 1
46 74 1
46 195 1
46 155 1
46 76 1
46 89 1
47 158 1
47 92 1
47 147 1
47 160 1
47 94 1
47 83 1
47 151 1
47 85 1
47 140 1
47 195 1
47 87 1
47 142 1
47 155 1
47 89 1
47 131 1
47 78 1
47 199 1
47 135 1
47 148 1
47 82 1
47 137 1
47 128 1
47 141 1
47 62 1
47 75 1
47 196 1
47 185 1
47 198 1
47 119 1
47 53 1
47 176 1
47 189 1
47 123 1
47 136 1
47 57 1
47 70 1
47 112 1
47 125 1
47 59 1
47 61 1
47 129 1
47 50 1
47 171 1
47 63 1
47 118 1
47 65 1
47 186 1
47 107 1
47 175 1
47 109 1
47 179 1
47 100 1
47 49 1
47 170 1
47 104 1
47 117 1
47 51 1
47 172 1
47 93 1
47 106 1
47 174 1
47 95 1
47 108 1
47 163 1
47 165 1
47 86 1
47 99 1
47 154 1
47 156 1
47 90 1
48 58 1
48 113 1
48 104 1
48 159 1
48 172 1
48 174 1
48 150 1
48 163 1
48 165 1
48 86 1
48 99 1
48 167 1
48 145 1
48 158 1
48 81 1
48 96 1
48 85 1
48 98 1
48 153 1
48 87 1
48 131 1
48 144 1
48 199 1
48 91 1
48 133 1
48 69 1
48 71 1
48 139 1
48 73 1
48 128 1
48 141 1
48 183 1
48 143 1
48 64 1
48 77 1
48 132 1
48 66 1
48 187 1
48 176 1
48 189 1
48 123 1
48 136 1
48 193 1
48 182 1
48 129 1
48 171 1
48 173 1
48 65 1
48 107 1
48 54 1
48 175 1
48 188 1
48 109 1
48 56 1
48 111 1
49 83 1
49 72 1
49 195 1
49 129 1
49 142 1
49 197 1
49 89 1
49 186 1
49 78 1
49 146 1
49 188 1
49 122 1
49 69 1
49 190 1
49 124 1
49 192 1
49 126 1
49 128 1
49 62 1
49 75 1
49 196 1
49 174 1
49 187 1
49 55 1
49 176 1
49 189 1
49 110 1
49 178 1
49 70 1
49 125 1
49 114 1
49 127 1
49 50 1
49 184 1
49 107 1
49 162 1
49 54 1
49 175 1
49 109 1
49 56 1
49 113 1
49 155 1
49 102 1
49 170 1
49 159 1
49 172 1
49 150 1
49 97 1
49 165 1
49 86 1
49 99 1
49 141 1
49 154 1
49 88 1
49 101 1
49 90 1
49 145 1
49 92 1
49 147 1
49 94 1
49 136 1
50 104 1
50 172 1
50 93 1
50 95 1
50 163 1
50 165 1
50 86 1
50 99 1
50 101 1
50 90 1
50 79 1
50 96 1
50 138 1
50 153 1
50 74 1
50 195 1
50 129 1
50 142 1
50 197 1
50 144 1
50 78 1
50 69 1
50 124 1
50 137 1
50 71 1
50 192 1
50 194 1
50 141 1
50 183 1
50 75 1
50 196 1
50 77 1
50 198 1
50 119 1
50 174 1
50 176 1
50 68 1
50 189 1
50 110 1
50 123 1
50 57 1
50 178 1
50 70 1
50 191 1
50 125 1
50 127 1
50 169 1
50 61 1
50 103 1
50 116 1
50 186 1
50 120 1
50 56 1
50 177 1
50 98 1
50 111 1
50 100 1
50 155 1
50 102 1
50 157 1
50 170 1
51 169 1
51 103 1
51 158 1
51 171 1
51 162 1
51 83 1
51 98 1
51 87 1
51 100 1
51 144 1
51 157 1
51 199 1
51 135 1
51 148 1
51 69 1
51 82 1
51 194 1
51 86 1
51 128 1
51 130 1
51 143 1
51 64 1
51 77 1
51 132 1
51 145 1
51 79 1
51 123 1
51 136 1
51 178 1
51 191 1
51 59 1
51 193 1
51 114 1
51 184 1
51 52 1
51 67 1
51 188 1
51 190 1
51 58 1
51 179 1
51 113 1
51 126 1
51 168 1
51 115 1
51 170 1
51 183 1
51 117 1
51 159 1
51 106 1
51 119 1
51 174 1
51 163 1
51 152 1
51 99 1
51 154 1
52 139 1
52 73 1
52 196 1
52 77 1
52 55 1
52 68 1
52 189 1
52 57 1
52 70 1
52 191 1
52 112 1
52 125 1
52 127 1
52 61 1
52 116 1
52 129 1
52 63 1
52 65 1
52 186 1
52 107 1
52 54 1
52 164 1
52 56 1
52 111 1
52 113 1
52 168 1
52 181 1
52 102 1
52 157 1
52 104 1
52 159 1
52 172 1
52 93 1
52 161 1
52 108 1
52 152 1
52 143 1
52 156 1
52 103 1
52 145 1
52 79 1
52 92 1
52 160 1
52 94 1
52 96 1
52 87 1
52 142 1
52 76 1
52 199 1
52 91 1
52 133 1
52 67 1
52 135 1
52 124 1
52 137 1
52 192 1
52 84 1
53 94 1
53 162 1
53 83 1
53 140 1
53 87 1
53 142 1
53 76 1
53 144 1
53 199 1
53 91 1
53 133 1
53 67 1
53 80 1
53 148 1
53 69 1
53 190 1
53 192 1
53 84 1
53 139 1
53 60 1
53 73 1
53 194 1
53 128 1
53 62 1
53 196 1
53 143 1
53 64 1
53 77 1
53 119 1
53 134 1
53 136 1
53 178 1
53 191 1
53 59 1
53 72 1
53 61 1
53 171 1
53 63 1
53 107 1
53 175 1
53 177 1
53 166 1
53 179 1
53 113 1
53 102 1
53 170 1
53 104 1
53 117 1
53 159 1
53 106 1
53 88 1
53 156 1
53 169 1
53 90 1
53 158 1
54 185 1
54 174 1
54 66 1
54 187 1
54 134 1
54 55 1
54 68 1
54 57 1
54 178 1
54 70 1
54 167 1
54 180 1
54 114 1
54 116 1
54 63 1
54 184 1
54 173 1
54 98 1
54 166 1
54 179 1
54 100 1
54 102 1
54 157 1
54 91 1
54 104 1
54 172 1
54 106 1
54 148 1
54 161 1
54 163 1
54 97 1
54 152 1
54 165 1
54 101 1
54 143 1
54 156 1
54 92 1
54 160 1
54 72 1
54 85 1
54 74 1
54 76 1
54 131 1
54 144 1
54 199 1
54 67 1
54 190 1
54 82 1
54 60 1
54 73 1
54 130 1
55 61 1
55 182 1
55 195 1
55 116 1
55 171 1
55 63 1
55 186 1
55 175 1
55 164 1
55 56 1
55 111 1
55 168 1
55 60 1
55 104 1
55 117 1
55 176 1
55 165 1
55 99 1
55 112 1
55 167 1
55 88 1
55 158 1
55 92 1
55 105 1
55 94 1
55 149 1
55 162 1
55 96 1
55 85 1
55 98 1
55 87 1
55 142 1
55 76 1
55 89 1
55 144 1
55 157 1
55 91 1
55 133 1
55 135 1
55 148 1
55 69 1
55 82 1
55 71 1
55 84 1
55 139 1
55 194 1
55 86 1
55 128 1
55 62 1
55 75 1
55 196 1
55 143 1
55 77 1
55 119 1
55 79 1
55 134 1
55 68 1
55 123 1
55 178 1
55 125 1
55 72 1
55 114 1
55 127 1
56 154 1
56 101 1
56 156 1
56 103 1
56 145 1
56 81 1
56 149 1
56 83 1
56 72 1
56 74 1
56 87 1
56 142 1
56 133 1
56 146 1
56 67 1
56 188 1
56 80 1
56 135 1
56 148 1
56 124 1
56 137 1
56 71 1
56 84 1
56 181 1
56 62 1
56 183 1
56 75 1
56 196 1
56 130 1
56 77 1
56 66 1
56 121 1
56 134 1
56 70 1
56 180 1
56 116 1
56 129 1
56 63 1
56 184 1
56 118 1
56 186 1
56 120 1
56 162 1
56 111 1
56 179 1
56 100 1
56 168 1
56 102 1
56 115 1
56 157 1
56 170 1
56 159 1
56 174 1
56 95 1
56 150 1
56 97 1
57 120 1
57 175 1
57 164 1
57 98 1
57 111 1
57 58 1
57 179 1
57 113 1
57 168 1
57 115 1
57 93 1
57 106 1
57 174 1
57 163 1
57 97 1
57 110 1
57 165 1
57 86 1
57 167 1
57 88 1
57 90 1
57 103 1
57 158 1
57 79 1
57 160 1
57 153 1
57 195 1
57 155 1
57 144 1
57 146 1
57 67 1
57 135 1
57 69 1
57 82 1
57 124 1
57 137 1
57 71 1
57 60 1
57 194 1
57 62 1
57 196 1
57 130 1
57 64 1
57 185 1
57 77 1
57 121 1
57 134 1
57 68 1
57 123 1
57 70 1
57 191 1
57 112 1
57 180 1
57 72 1
57 193 1
57 127 1
57 116 1
57 129 1
57 63 1
57 118 1
57 173 1
57 65 1
57 186 1
58 62 1
58 75 1
58 130 1
58 185 1
58 77 1
58 198 1
58 187 1
58 79 1
58 121 1
58 134 1
58 68 1
58 189 1
58 178 1
58 70 1
58 191 1
58 112 1
58 59 1
58 72 1
58 114 1
58 129 1
58 171 1
58 65 1
58 186 1
58 107 1
58 175 1
58 109 1
58 177 1
58 111 1
58 124 1
58 113 1
58 102 1
58 115 1
58 170 1
58 117 1
58 159 1
58 106 1
58 161 1
58 95 1
58 163 1
58 110 1
58 165 1
58 154 1
58 156 1
58 169 1
58 92 1
58 160 1
58 149 1
58 83 1
58 151 1
58 85 1
58 98 1
58 197 1
58 89 1
58 78 1
58 91 1
58 146 1
58 67 1
58 80 1
58 148 1
58 69 1
58 190 1
58 84 1
58 126 1
58 60 1
58 73 1
58 128 1
59 100 1
59 168 1
59 170 1
59 91 1
59 104 1
59 148 1
59 150 1
59 152 1
59 165 1
59 86 1
59 88 1
59 90 1
59 79 1
59 92 1
59 83 1
59 138 1
59 193 1
59 140 1
59 153 1
59 195 1
59 87 1
59 131 1
59 65 1
59 186 1
59 78 1
59 199 1
59 133 1
59 146 1
59 67 1
59 80 1
59 122 1
59 135 1
59 192 1
59 73 1
59 128 1
59 75 1
59 196 1
59 117 1
59 185 1
59 198 1
59 132 1
59 66 1
59 134 1
59 123 1
59 178 1
59 70 1
59 112 1
59 125 1
59 167 1
59 127 1
59 169 1
59 182 1
59 105 1
59 118 1
59 173 1
59 164 1
59 177 1
59 98 1
59 111 1
60 176 1
60 97 1
60 152 1
60 167 1
60 88 1
60 101 1
60 90 1
60 103 1
60 145 1
60 158 1
60 105 1
60 160 1
60 94 1
60 149 1
60 83 1
60 96 1
60 85 1
60 153 1
60 74 1
60 87 1
60 142 1
60 76 1
60 197 1
60 144 1
60 135 1
60 190 1
60 137 1
60 150 1
60 71 1
60 192 1
60 84 1
60 139 1
60 73 1
60 194 1
60 196 1
60 143 1
60 64 1
60 185 1
60 77 1
60 198 1
60 119 1
60 121 1
60 123 1
60 136 1
60 125 1
60 138 1
60 193 1
60 61 1
60 182 1
60 195 1
60 63 1
60 131 1
60 65 1
60 164 1
60 170 1
60 172 1
60 163 1
61 135 1
61 148 1
61 82 1
61 137 1
61 84 1
61 126 1
61 181 1
61 194 1
61 141 1
61 64 1
61 77 1
61 198 1
61 66 1
61 187 1
61 121 1
61 176 1
61 110 1
61 123 1
61 178 1
61 70 1
61 191 1
61 180 1
61 127 1
61 169 1
61 182 1
61 63 1
61 105 1
61 118 1
61 173 1
61 186 1
61 164 1
61 111 1
61 155 1
61 102 1
61 91 1
61 104 1
61 172 1
61 93 1
61 161 1
61 95 1
61 108 1
61 86 1
61 143 1
61 90 1
61 147 1
61 81 1
61 94 1
61 136 1
61 149 1
61 138 1
61 151 1
61 72 1
61 85 1
61 140 1
61 195 1
61 76 1
61 89 1
61 144 1
61 78 1
61 199 1
62 101 1
62 103 1
62 79 1
62 160 1
62 81 1
62 149 1
62 83 1
62 72 1
62 85 1
62 155 1
62 76 1
62 197 1
62 78 1
62 67 1
62 188 1
62 80 1
62 135 1
62 69 1
62 190 1
62 82 1
62 137 1
62 192 1
62 126 1
62 128 1
62 141 1
62 75 1
62 196 1
62 64 1
62 198 1
62 119 1
62 187 1
62 176 1
62 68 1
62 189 1
62 70 1
62 114 1
62 169 1
62 105 1
62 118 1
62 65 1
62 186 1
62 162 1
62 175 1
62 177 1
62 98 1
62 179 1
62 113 1
62 181 1
62 157 1
62 170 1
62 104 1
62 93 1
62 161 1
62 95 1
62 163 1
62 97 1
62 152 1
62 165 1
62 154 1
62 167 1
63 126 1
63 183 1
63 196 1
63 130 1
63 119 1
63 66 1
63 110 1
63 123 1
63 191 1
63 125 1
63 127 1
63 103 1
63 116 1
63 171 1
63 184 1
63 105 1
63 118 1
63 120 1
63 96 1
63 109 1
63 164 1
63 98 1
63 113 1
63 168 1
63 157 1
63 104 1
63 159 1
63 172 1
63 150 1
63 163 1
63 84 1
63 97 1
63 165 1
63 86 1
63 141 1
63 101 1
63 77 1
63 92 1
63 134 1
63 147 1
63 81 1
63 136 1
63 149 1
63 138 1
63 72 1
63 140 1
63 74 1
63 195 1
63 87 1
63 129 1
63 197 1
63 131 1
63 186 1
63 133 1
63 146 1
63 80 1
63 124 1
64 123 1
64 136 1
64 178 1
64 70 1
64 191 1
64 112 1
64 180 1
64 72 1
64 127 1
64 195 1
64 116 1
64 129 1
64 171 1
64 131 1
64 173 1
64 107 1
64 109 1
64 122 1
64 100 1
64 113 1
64 170 1
64 117 1
64 159 1
64 93 1
64 106 1
64 108 1
64 176 1
64 101 1
64 156 1
64 90 1
64 145 1
64 158 1
64 105 1
64 81 1
64 138 1
64 151 1
64 153 1
64 74 1
64 197 1
64 199 1
64 91 1
64 133 1
64 146 1
64 80 1
64 82 1
64 71 1
64 84 1
64 194 1
64 196 1
64 130 1
64 185 1
64 198 1
64 132 1
64 66 1
64 189 1
65 78 1
65 91 1
65 146 1
65 190 1
65 137 1
65 71 1
65 192 1
65 84 1
65 73 1
65 86 1
65 130 1
65 119 1
65 187 1
65 123 1
65 136 1
65 178 1
65 191 1
65 193 1
65 116 1
65 129 1
65 118 1
65 173 1
65 109 1
65 122 1
65 124 1
65 166 1
65 179 1
65 113 1
65 168 1
65 115 1
65 106 1
65 163 1
65 176 1
65 110 1
65 152 1
65 112 1
65 88 1
65 90 1
65 103 1
65 158 1
65 92 1
65 105 1
65 81 1
65 94 1
65 83 1
65 96 1
65 85 1
65 98 1
65 153 1
65 142 1
65 89 1
65 157 1
66 169 1
66 182 1
66 116 1
66 171 1
66 173 1
66 107 1
66 120 1
66 162 1
66 164 1
66 98 1
66 166 1
66 155 1
66 115 1
66 157 1
66 172 1
66 93 1
66 106 1
66 161 1
66 174 1
66 95 1
66 152 1
66 165 1
66 86 1
66 154 1
66 160 1
66 81 1
66 83 1
66 138 1
66 72 1
66 195 1
66 87 1
66 76 1
66 89 1
66 131 1
66 146 1
66 135 1
66 190 1
66 82 1
66 124 1
66 137 1
66 192 1
66 194 1
66 128 1
66 183 1
66 75 1
66 77 1
66 119 1
66 132 1
66 68 1
66 189 1
66 112 1
66 125 1
67 137 1
67 84 1
67 73 1
67 141 1
67 75 1
67 130 1
67 119 1
67 132 1
67 187 1
67 134 1
67 136 1
67 178 1
67 191 1
67 112 1
67 180 1
67 193 1
67 182 1
67 171 1
67 184 1
67 105 1
67 173 1
67 175 1
67 109 1
67 122 1
67 179 1
67 100 1
67 102 1
67 157 1
67 172 1
67 93 1
67 161 1
67 95 1
67 150 1
67 163 1
67 110 1
67 154 1
67 143 1
67 156 1
67 145 1
67 158 1
67 79 1
67 92 1
67 153 1
67 87 1
67 142 1
67 78 1
67 188 1
67 80 1
67 135 1
67 148 1
67 69 1
67 82 1
68 96 1
68 138 1
68 85 1
68 76 1
68 78 1
68 133 1
68 80 1
68 69 1
68 190 1
68 82 1
68 192 1
68 84 1
68 73 1
68 128 1
68 183 1
68 196 1
68 130 1
68 143 1
68 187 1
68 79 1
68 134 1
68 176 1
68 112 1
68 193 1
68 127 1
68 129 1
68 171 1
68 105 1
68 118 1
68 186 1
68 107 1
68 175 1
68 122 1
68 166 1
68 179 1
68 168 1
68 157 1
68 170 1
68 159 1
68 172 1
68 93 1
68 174 1
68 108 1
68 110 1
68 86 1
68 154 1
68 88 1
68 101 1
68 156 1
68 90 1
68 103 1
68 158 1
68 160 1
68 94 1
68 162 1
69 104 1
69 117 1
69 159 1
69 174 1
69 95 1
69 163 1
69 97 1
69 110 1
69 152 1
69 99 1
69 154 1
69 88 1
69 103 1
69 105 1
69 160 1
69 138 1
69 151 1
69 76 1
69 78 1
69 80 1
69 135 1
69 190 1
69 71 1
69 84 1
69 126 1
69 73 1
69 128 1
69 141 1
69 143 1
69 185 1
69 119 1
69 134 1
69 189 1
69 123 1
69 136 1
69 70 1
69 191 1
69 72 1
69 114 1
69 171 1
69 184 1
69 118 1
69 173 1
69 120 1
69 175 1
69 188 1
69 109 1
69 122 1
69 164 1
69 177 1
69 166 1
69 179 1
69 100 1
69 113 1
69 181 1
69 157 1
69 170 1
70 129 1
70 89 1
70 144 1
70 199 1
70 133 1
70 135 1
70 126 1
70 181 1
70 73 1
70 194 1
70 128 1
70 141 1
70 183 1
70 196 1
70 185 1
70 77 1
70 132 1
70 189 1
70 191 1
70 125 1
70 180 1
70 169 1
70 103 1
70 173 1
70 162 1
70 175 1
70 122 1
70 98 1
70 100 1
70 155 1
70 102 1
70 115 1
70 95 1
70 163 1
70 84 1
70 97 1
70 165 1
70 154 1
70 145 1
70 79 1
70 92 1
70 81 1
70 83 1
70 138 1
70 151 1
70 193 1
70 140 1
70 195 1
70 87 1
71 154 1
71 167 1
71 158 1
71 149 1
71 138 1
71 140 1
71 153 1
71 89 1
71 131 1
71 78 1
71 133 1
71 188 1
71 80 1
71 190 1
71 82 1
71 124 1
71 192 1
71 73 1
71 141 1
71 183 1
71 196 1
71 117 1
71 198 1
71 121 1
71 191 1
71 180 1
71 114 1
71 127 1
71 184 1
71 105 1
71 173 1
71 175 1
71 122 1
71 155 1
71 157 1
71 104 1
71 174 1
71 95 1
71 108 1
72 94 1
72 107 1
72 162 1
72 83 1
72 151 1
72 164 1
72 142 1
72 89 1
72 199 1
72 91 1
72 133 1
72 135 1
72 84 1
72 139 1
72 152 1
72 141 1
72 75 1
72 130 1
72 185 1
72 77 1
72 198 1
72 132 1
72 145 1
72 187 1
72 79 1
72 189 1
72 123 1
72 178 1
72 180 1
72 114 1
72 127 1
72 129 1
72 184 1
72 197 1
72 173 1
72 120 1
72 122 1
72 190 1
72 111 1
72 166 1
72 179 1
72 126 1
72 170 1
72 104 1
72 95 1
72 108 1
72 103 1
72 171 1
73 185 1
73 132 1
73 134 1
73 176 1
73 136 1
73 178 1
73 112 1
73 114 1
73 169 1
73 116 1
73 129 1
73 184 1
73 105 1
73 107 1
73 120 1
73 175 1
73 188 1
73 122 1
73 164 1
73 111 1
73 166 1
73 179 1
73 113 1
73 168 1
73 181 1
73 170 1
73 104 1
73 174 1
73 95 1
73 108 1
73 150 1
73 152 1
73 86 1
73 99 1
73 154 1
73 167 1
73 79 1
73 147 1
73 94 1
73 162 1
73 138 1
73 85 1
73 153 1
73 74 1
73 76 1
73 131 1
73 78 1
73 199 1
73 146 1
73 135 1
73 190 1
73 82 1
73 124 1
73 137 1
73 126 1
73 139 1
73 194 1
73 196 1
73 143 1
74 87 1
74 155 1
74 131 1
74 91 1
74 146 1
74 137 1
74 192 1
74 139 1
74 194 1
74 75 1
74 196 1
74 130 1
74 77 1
74 121 1
74 134 1
74 136 1
74 182 1
74 195 1
74 116 1
74 171 1
74 184 1
74 173 1
74 107 1
74 122 1
74 164 1
74 111 1
74 166 1
74 100 1
74 157 1
74 172 1
74 161 1
74 174 1
74 95 1
74 163 1
74 97 1
74 152 1
74 165 1
74 86 1
74 99 1
74 101 1
74 103 1
74 105 1
74 94 1
74 149 1
74 96 1
74 151 1
74 85 1
75 110 1
75 178 1
75 191 1
75 112 1
75 125 1
75 114 1
75 182 1
75 103 1
75 116 1
75 105 1
75 118 1
75 186 1
75 120 1
75 109 1
75 122 1
75 164 1
75 98 1
75 166 1
75 100 1
75 168 1
75 102 1
75 157 1
75 91 1
75 104 1
75 159 1
75 172 1
75 93 1
75 106 1
75 148 1
75 108 1
75 99 1
75 143 1
75 90 1
75 158 1
75 147 1
75 160 1
75 136 1
75 149 1
75 151 1
75 193 1
75 140 1
75 87 1
75 129 1
75 142 1
75 76 1
75 197 1
75 144 1
75 135 1
75 137 1
75 192 1
75 181 1
75 194 1
75 183 1
75 185 1
75 132 1
75 121 1
75 176 1
75 189 1
76 107 1
76 175 1
76 188 1
76 109 1
76 122 1
76 190 1
76 111 1
76 179 1
76 115 1
76 183 1
76 117 1
76 159 1
76 172 1
76 161 1
76 174 1
76 95 1
76 163 1
76 97 1
76 110 1
76 99 1
76 112 1
76 154 1
76 88 1
76 156 1
76 90 1
76 158 1
76 92 1
76 105 1
76 160 1
76 94 1
76 162 1
76 164 1
76 85 1
76 98 1
76 153 1
76 87 1
76 142 1
76 89 1
76 144 1
76 157 1
76 91 1
76 146 1
76 93 1
76 82 1
76 150 1
76 126 1
76 139 1
76 86 1
76 128 1
76 77 1
76 145 1
76 187 1
76 189 1
76 123 1
76 191 1
76 127 1
76 129 1
76 171 1
76 131 1
76 186 1
77 196 1
77 185 1
77 145 1
77 79 1
77 134 1
77 81 1
77 123 1
77 136 1
77 178 1
77 191 1
77 125 1
77 114 1
77 116 1
77 197 1
77 173 1
77 120 1
77 188 1
77 109 1
77 124 1
77 179 1
77 115 1
77 183 1
77 104 1
77 172 1
77 161 1
77 174 1
77 99 1
77 112 1
77 167 1
77 156 1
77 103 1
77 158 1
77 92 1
77 94 1
77 107 1
77 149 1
77 162 1
77 96 1
77 164 1
77 153 1
77 89 1
77 144 1
77 157 1
77 91 1
77 133 1
77 148 1
77 150 1
77 192 1
77 84 1
77 86 1
78 179 1
78 100 1
78 102 1
78 115 1
78 104 1
78 117 1
78 93 1
78 110 1
78 152 1
78 165 1
78 99 1
78 167 1
78 88 1
78 101 1
78 156 1
78 103 1
78 145 1
78 79 1
78 160 1
78 83 1
78 85 1
78 98 1
78 153 1
78 155 1
78 144 1
78 91 1
78 133 1
78 146 1
78 190 1
78 124 1
78 137 1
78 192 1
78 139 1
78 194 1
78 128 1
78 141 1
78 183 1
78 196 1
78 130 1
78 119 1
78 136 1
78 114 1
78 127 1
78 169 1
78 129 1
78 118 1
78 186 1
78 107 1
78 120 1
78 177 1
78 111 1
79 121 1
79 178 1
79 114 1
79 127 1
79 195 1
79 116 1
79 129 1
79 173 1
79 186 1
79 107 1
79 175 1
79 164 1
79 111 1
79 166 1
79 168 1
79 181 1
79 102 1
79 115 1
79 157 1
79 159 1
79 172 1
79 174 1
79 163 1
79 154 1
79 167 1
79 169 1
79 158 1
79 160 1
79 81 1
79 149 1
79 162 1
79 138 1
79 151 1
79 140 1
79 87 1
79 155 1
79 197 1
79 89 1
79 144 1
79 133 1
79 135 1
79 148 1
79 82 1
79 150 1
79 192 1
79 139 1
79 196 1
79 185 1
79 198 1
79 119 1
80 93 1
80 190 1
80 82 1
80 150 1
80 192 1
80 194 1
80 86 1
80 128 1
80 119 1
80 178 1
80 191 1
80 127 1
80 195 1
80 129 1
80 184 1
80 118 1
80 186 1
80 120 1
80 175 1
80 188 1
80 177 1
80 111 1
80 124 1
80 100 1
80 113 1
80 168 1
80 181 1
80 159 1
80 108 1
80 152 1
80 154 1
80 167 1
80 90 1
80 103 1
80 92 1
80 81 1
80 94 1
80 96 1
80 98 1
80 140 1
80 153 1
80 142 1
80 144 1
80 146 1
81 156 1
81 169 1
81 90 1
81 158 1
81 105 1
81 160 1
81 162 1
81 96 1
81 164 1
81 85 1
81 155 1
81 197 1
81 91 1
81 93 1
81 148 1
81 137 1
81 192 1
81 84 1
81 126 1
81 139 1
81 194 1
81 128 1
81 196 1
81 130 1
81 198 1
81 132 1
81 145 1
81 121 1
81 125 1
81 180 1
81 193 1
81 182 1
81 116 1
81 184 1
81 118 1
81 131 1
81 173 1
81 175 1
81 109 1
81 122 1
81 190 1
81 124 1
81 179 1
81 113 1
81 181 1
81 102 1
81 104 1
81 119 1
81 108 1
81 97 1
81 110 1
81 152 1
81 154 1
81 88 1
82 126 1
82 139 1
82 141 1
82 183 1
82 185 1
82 198 1
82 187 1
82 134 1
82 191 1
82 125 1
82 193 1
82 114 1
82 182 1
82 171 1
82 184 1
82 173 1
82 120 1
82 109 1
82 98 1
82 111 1
82 166 1
82 179 1
82 100 1
82 170 1
82 159 1
82 172 1
82 161 1
82 150 1
82 97 1
82 86 1
82 154 1
82 167 1
82 143 1
82 103 1
82 145 1
82 158 1
82 92 1
82 149 1
82 96 1
82 142 1
82 197 1
82 144 1
82 133 1
82 188 1
82 148 1
83 149 1
83 96 1
83 151 1
83 98 1
83 155 1
83 89 1
83 144 1
83 199 1
83 135 1
83 190 1
83 124 1
83 84 1
83 126 1
83 139 1
83 141 1
83 132 1
83 121 1
83 189 1
83 136 1
83 178 1
83 191 1
83 112 1
83 125 1
83 193 1
83 127 1
83 182 1
83 129 1
83 105 1
83 186 1
83 175 1
83 109 1
83 166 1
83 113 1
83 102 1
83 115 1
83 170 1
83 104 1
83 117 1
83 159 1
83 172 1
83 93 1
83 106 1
83 161 1
83 95 1
83 150 1
83 110 1
83 165 1
84 102 1
84 157 1
84 170 1
84 104 1
84 117 1
84 172 1
84 93 1
84 106 1
84 161 1
84 174 1
84 108 1
84 165 1
84 86 1
84 90 1
84 145 1
84 94 1
84 96 1
84 138 1
84 140 1
84 153 1
84 87 1
84 197 1
84 199 1
84 135 1
84 137 1
84 139 1
84 128 1
84 143 1
84 185 1
84 132 1
84 123 1
84 191 1
84 184 1
84 118 1
84 120 1
84 175 1
84 164 1
84 177 1
84 111 1
84 166 1
84 168 1
84 181 1
85 182 1
85 195 1
85 116 1
85 171 1
85 184 1
85 118 1
85 131 1
85 173 1
85 107 1
85 120 1
85 109 1
85 122 1
85 164 1
85 111 1
85 166 1
85 168 1
85 102 1
85 104 1
85 106 1
85 174 1
85 167 1
85 101 1
85 156 1
85 90 1
85 158 1
85 105 1
85 147 1
85 162 1
85 151 1
85 142 1
85 157 1
85 199 1
85 183 1
85 185 1
85 134 1
85 189 1
85 136 1
85 191 1
85 193 1
85 127 1
86 137 1
86 139 1
86 194 1
86 196 1
86 130 1
86 198 1
86 132 1
86 187 1
86 121 1
86 123 1
86 191 1
86 180 1
86 114 1
86 182 1
86 195 1
86 116 1
86 129 1
86 184 1
86 118 1
86 131 1
86 173 1
86 186 1
86 107 1
86 175 1
86 188 1
86 109 1
86 122 1
86 111 1
86 113 1
86 181 1
86 102 1
86 115 1
86 104 1
86 117 1
86 159 1
86 172 1
86 119 1
86 95 1
86 97 1
86 110 1
86 152 1
86 99 1
86 112 1
86 101 1
86 156 1
86 90 1
86 103 1
86 145 1
86 92 1
86 96 1
86 151 1
86 164 1
86 140 1
86 153 1
86 87 1
86 89 1
86 157 1
86 199 1
86 93 1
86 148 1
87 120 1
87 162 1
87 177 1
87 100 1
87 168 1
87 102 1
87 115 1
87 159 1
87 106 1
87 97 1
87 154 1
87 167 1
87 92 1
87 153 1
87 195 1
87 142 1
87 197 1
87 131 1
87 146 1
87 124 1
87 137 1
87 192 1
87 194 1
87 141 1
87 196 1
87 198 1
87 132 1
87 187 1
87 121 1
87 189 1
87 123 1
87 178 1
87 191 1
87 193 1
87 184 1
87 118 1
87 173 1
88 134 1
88 123 1
88 136 1
88 178 1
88 112 1
88 114 1
88 127 1
88 169 1
88 182 1
88 116 1
88 129 1
88 184 1
88 118 1
88 107 1
88 120 1
88 175 1
88 188 1
88 109 1
88 122 1
88 111 1
88 179 1
88 100 1
88 113 1
88 168 1
88 181 1
88 102 1
88 117 1
88 159 1
88 93 1
88 174 1
88 95 1
88 150 1
88 163 1
88 97 1
88 154 1
88 145 1
88 158 1
88 92 1
88 160 1
88 138 1
88 151 1
88 153 1
88 195 1
88 142 1
88 144 1
88 146 1
88 135 1
88 148 1
88 190 1
88 141 1
89 142 1
89 131 1
89 91 1
89 133 1
89 148 1
89 190 1
89 137 1
89 139 1
89 194 1
89 128 1
89 130 1
89 143 1
89 185 1
89 119 1
89 132 1
89 121 1
89 134 1
89 176 1
89 189 1
89 136 1
89 191 1
89 112 1
89 125 1
89 127 1
89 116 1
89 171 1
89 186 1
89 120 1
89 109 1
89 164 1
89 124 1
89 100 1
89 113 1
89 102 1
89 115 1
89 117 1
89 172 1
89 174 1
89 97 1
89 154 1
89 101 1
89 145 1
89 92 1
89 105 1
89 147 1
89 138 1
90 110 1
90 165 1
90 156 1
90 160 1
90 149 1
90 162 1
90 138 1
90 98 1
90 153 1
90 155 1
90 197 1
90 135 1
90 148 1
90 128 1
90 183 1
90 130 1
90 143 1
90 185 1
90 132 1
90 134 1
90 178 1
90 191 1
90 125 1
90 180 1
90 193 1
90 114 1
90 127 1
90 116 1
90 131 1
90 186 1
90 120 1
90 109 1
90 111 1
90 166 1
90 100 1
90 113 1
90 115 1
90 170 1
90 106 1
90 95 1
91 118 1
91 173 1
91 186 1
91 107 1
91 175 1
91 177 1
91 166 1
91 100 1
91 113 1
91 115 1
91 170 1
91 112 1
91 154 1
91 101 1
91 169 1
91 103 1
91 145 1
91 92 1
91 105 1
91 94 1
91 155 1
91 197 1
91 190 1
91 192 1
91 128 1
91 196 1
91 185 1
91 198 1
91 187 1
91 121 1
91 189 1
91 136 1
91 191 1
91 138 1
91 114 1
91 184 1
92 103 1
92 147 1
92 149 1
92 96 1
92 195 1
92 142 1
92 197 1
92 131 1
92 146 1
92 148 1
92 139 1
92 141 1
92 196 1
92 117 1
92 185 1
92 198 1
92 134 1
92 189 1
92 123 1
92 125 1
92 169 1
92 182 1
92 129 1
92 184 1
92 186 1
92 120 1
92 109 1
92 164 1
92 113 1
92 115 1
92 157 1
92 170 1
92 104 1
92 159 1
92 172 1
92 161 1
92 108 1
92 150 1
92 163 1
92 165 1
92 99 1
93 153 1
93 142 1
93 144 1
93 159 1
93 148 1
93 137 1
93 192 1
93 152 1
93 194 1
93 196 1
93 143 1
93 132 1
93 191 1
93 138 1
93 180 1
93 127 1
93 182 1
93 129 1
93 118 1
93 120 1
93 133 1
93 122 1
93 124 1
93 102 1
93 172 1
93 161 1
93 163 1
93 176 1
93 97 1
93 99 1
93 112 1
93 167 1
93 103 1
93 171 1
93 105 1
93 147 1
93 107 1
93 149 1
93 96 1
93 98 1
94 123 1
94 136 1
94 112 1
94 114 1
94 127 1
94 182 1
94 173 1
94 186 1
94 175 1
94 164 1
94 124 1
94 179 1
94 113 1
94 168 1
94 181 1
94 102 1
94 157 1
94 170 1
94 159 1
94 172 1
94 174 1
94 95 1
94 97 1
94 110 1
94 99 1
94 167 1
94 101 1
94 169 1
94 103 1
94 160 1
94 151 1
94 140 1
94 155 1
94 199 1
94 146 1
94 135 1
94 190 1
94 137 1
94 150 1
94 194 1
94 185 1
94 189 1
95 133 1
95 150 1
95 194 1
95 128 1
95 141 1
95 183 1
95 196 1
95 130 1
95 185 1
95 132 1
95 121 1
95 134 1
95 189 1
95 123 1
95 136 1
95 193 1
95 182 1
95 195 1
95 129 1
95 184 1
95 131 1
95 173 1
95 122 1
95 124 1
95 179 1
95 113 1
95 168 1
95 181 1
95 170 1
95 159 1
95 172 1
95 106 1
95 161 1
95 108 1
95 97 1
95 165 1
95 112 1
95 156 1
95 103 1
95 105 1
95 147 1
95 160 1
95 96 1
95 138 1
95 151 1
95 98 1
95 153 1
95 197 1
95 144 1
96 99 1
96 154 1
96 167 1
96 101 1
96 169 1
96 103 1
96 145 1
96 105 1
96 164 1
96 155 1
96 157 1
96 133 1
96 135 1
96 150 1
96 192 1
96 139 1
96 194 1
96 141 1
96 185 1
96 198 1
96 134 1
96 189 1
96 123 1
96 191 1
96 125 1
96 127 1
96 171 1
96 118 1
96 186 1
96 120 1
96 175 1
96 177 1
96 100 1
96 168 1
96 115 1
96 117 1
96 159 1
96 172 1
96 106 1
96 176 1
96 97 1
96 165 1
97 179 1
97 126 1
97 181 1
97 102 1
97 115 1
97 183 1
97 172 1
97 106 1
97 119 1
97 161 1
97 174 1
97 163 1
97 176 1
97 165 1
97 99 1
97 112 1
97 101 1
97 169 1
97 105 1
97 147 1
97 162 1
97 151 1
97 164 1
97 98 1
97 140 1
97 155 1
97 197 1
97 157 1
97 146 1
97 148 1
97 192 1
97 194 1
97 198 1
97 132 1
97 145 1
97 121 1
97 134 1
97 123 1
97 136 1
97 178 1
97 125 1
97 127 1
97 182 1
97 186 1
97 107 1
97 188 1
97 122 1
97 177 1
97 190 1
97 111 1
98 121 1
98 123 1
98 136 1
98 125 1
98 138 1
98 184 1
98 118 1
98 120 1
98 188 1
98 122 1
98 177 1
98 190 1
98 111 1
98 126 1
98 168 1
98 102 1
98 115 1
98 170 1
98 104 1
98 117 1
98 159 1
98 172 1
98 106 1
98 163 1
98 165 1
98 99 1
98 154 1
98 167 1
98 101 1
98 156 1
98 169 1
98 103 1
98 158 1
98 171 1
98 160 1
98 107 1
98 151 1
98 153 1
98 100 1
98 142 1
98 146 1
98 148 1
98 192 1
98 139 1
98 152 1
98 141 1
98 198 1
98 132 1
98 145 1
99 172 1
99 161 1
99 163 1
99 101 1
99 145 1
99 105 1
99 147 1
99 149 1
99 140 1
99 142 1
99 197 1
99 133 1
99 146 1
99 135 1
99 190 1
99 137 1
99 150 1
99 126 1
99 194 1
99 130 1
99 143 1
99 119 1
99 134 1
99 176 1
99 123 1
99 178 1
99 191 1
99 180 1
99 114 1
99 127 1
99 129 1
99 188 1
99 109 1
99 166 1
99 179 1
99 100 1
99 168 1
99 102 1
99 157 1
99 170 1
100 180 1
100 116 1
100 175 1
100 109 1
100 122 1
100 124 1
100 166 1
100 113 1
100 168 1
100 115 1
100 170 1
100 159 1
100 161 1
100 108 1
100 163 1
100 110 1
100 152 1
100 167 1
100 101 1
100 169 1
100 103 1
100 145 1
100 105 1
100 138 1
100 155 1
100 157 1
100 146 1
100 148 1
100 190 1
100 137 1
100 139 1
100 194 1
100 128 1
100 141 1
100 183 1
100 196 1
100 130 1
100 185 1
100 119 1
100 187 1
100 134 1
100 189 1
100 191 1
101 139 1
101 194 1
101 130 1
101 198 1
101 187 1
101 134 1
101 189 1
101 123 1
101 138 1
101 180 1
101 127 1
101 171 1
101 107 1
101 104 1
101 106 1
101 119 1
101 161 1
101 108 1
101 176 1
101 152 1
101 167 1
101 156 1
101 169 1
101 158 1
101 160 1
101 149 1
101 162 1
101 140 1
101 153 1
101 157 1
101 199 1
101 190 1
101 137 1
102 149 1
102 164 1
102 142 1
102 157 1
102 199 1
102 135 1
102 148 1
102 139 1
102 128 1
102 141 1
102 143 1
102 185 1
102 132 1
102 145 1
102 187 1
102 134 1
102 189 1
102 123 1
102 136 1
102 178 1
102 195 1
102 129 1
102 122 1
102 177 1
102 190 1
102 113 1
102 126 1
102 168 1
102 170 1
102 117 1
102 172 1
102 174 1
102 108 1
102 163 1
102 152 1
102 169 1
102 158 1
102 147 1
103 117 1
103 159 1
103 172 1
103 106 1
103 119 1
103 176 1
103 110 1
103 165 1
103 167 1
103 156 1
103 171 1
103 147 1
103 107 1
103 149 1
103 153 1
103 142 1
103 157 1
103 146 1
103 150 1
103 192 1
103 128 1
103 132 1
103 189 1
103 123 1
103 191 1
103 125 1
103 138 1
103 193 1
103 127 1
103 116 1
103 129 1
103 131 1
103 173 1
103 133 1
103 175 1
103 122 1
103 177 1
103 111 1
103 166 1
103 179 1
103 113 1
103 168 1
103 181 1
104 140 1
104 153 1
104 155 1
104 197 1
104 131 1
104 144 1
104 133 1
104 146 1
104 192 1
104 139 1
104 194 1
104 143 1
104 185 1
104 198 1
104 132 1
104 123 1
104 136 1
104 178 1
104 180 1
104 127 1
104 116 1
104 184 1
104 118 1
104 173 1
104 186 1
104 107 1
104 120 1
104 109 1
104 164 1
104 111 1
104 124 1
104 166 1
104 113 1
104 168 1
104 181 1
104 159 1
104 172 1
104 163 1
104 152 1
104 156 1
104 169 1
104 145 1
104 160 1
104 149 1
105 176 1
105 152 1
105 156 1
105 145 1
105 158 1
105 151 1
105 153 1
105 142 1
105 133 1
105 146 1
105 190 1
105 150 1
105 128 1
105 141 1
105 183 1
105 130 1
105 187 1
105 121 1
105 134 1
105 189 1
105 180 1
105 127 1
105 118 1
105 120 1
105 188 1
105 122 1
105 124 1
105 166 1
105 115 1
105 117 1
105 172 1
106 107 1
106 175 1
106 124 1
106 179 1
106 113 1
106 168 1
106 181 1
106 170 1
106 159 1
106 108 1
106 110 1
106 152 1
106 156 1
106 169 1
106 158 1
106 160 1
106 149 1
106 164 1
106 142 1
106 155 1
106 148 1
106 190 1
106 192 1
106 194 1
106 196 1
106 198 1
106 132 1
106 121 1
106 134 1
106 178 1
106 125 1
106 114 1
106 195 1
106 129 1
106 171 1
106 184 1
107 196 1
107 185 1
107 198 1
107 187 1
107 189 1
107 123 1
107 191 1
107 180 1
107 127 1
107 182 1
107 184 1
107 186 1
107 120 1
107 175 1
107 122 1
107 190 1
107 111 1
107 124 1
107 179 1
107 113 1
107 115 1
107 170 1
107 183 1
107 117 1
107 161 1
107 174 1
107 110 1
107 152 1
107 165 1
107 154 1
107 167 1
107 169 1
107 162 1
107 151 1
107 140 1
107 142 1
107 155 1
107 144 1
107 157 1
107 133 1
107 148 1
107 137 1
107 150 1
107 139 1
107 141 1
108 179 1
108 168 1
108 181 1
108 157 1
108 117 1
108 172 1
108 161 1
108 174 1
108 165 1
108 154 1
108 167 1
108 156 1
108 160 1
108 138 1
108 151 1
108 140 1
108 153 1
108 133 1
108 146 1
108 135 1
108 124 1
108 192 1
108 139 1
108 194 1
108 141 1
108 187 1
108 176 1
108 189 1
108 123 1
108 136 1
108 191 1
108 182 1
108 171 1
108 184 1
108 175 1
108 164 1
108 111 1
109 134 1
109 176 1
109 123 1
109 136 1
109 125 1
109 114 1
109 127 1
109 171 1
109 184 1
109 173 1
109 188 1
109 122 1
109 164 1
109 111 1
109 166 1
109 115 1
109 172 1
109 161 1
109 174 1
109 110 1
109 165 1
109 154 1
109 167 1
109 156 1
109 169 1
109 145 1
109 149 1
109 140 1
109 142 1
109 131 1
109 144 1
109 199 1
109 190 1
109 137 1
109 126 1
109 139 1
109 128 1
109 141 1
109 183 1
109 198 1
109 119 1
110 118 1
110 173 1
110 133 1
110 175 1
110 179 1
110 192 1
110 181 1
110 161 1
110 163 1
110 176 1
110 165 1
110 178 1
110 114 1
110 156 1
110 158 1
110 171 1
110 149 1
110 162 1
110 151 1
110 142 1
110 157 1
110 148 1
110 150 1
110 139 1
110 128 1
110 196 1
110 130 1
110 143 1
110 198 1
110 132 1
110 145 1
110 191 1
110 180 1
110 193 1
110 127 1
110 116 1
110 184 1
111 156 1
111 147 1
111 149 1
111 162 1
111 151 1
111 144 1
111 157 1
111 199 1
111 137 1
111 150 1
111 194 1
111 128 1
111 143 1
111 134 1
111 136 1
111 180 1
111 116 1
111 129 1
111 171 1
111 184 1
111 173 1
111 175 1
111 188 1
111 122 1
111 124 1
111 113 1
111 181 1
111 115 1
111 119 1
111 176 1
112 113 1
112 126 1
112 183 1
112 117 1
112 161 1
112 174 1
112 176 1
112 152 1
112 158 1
112 171 1
112 149 1
112 162 1
112 151 1
112 142 1
112 155 1
112 144 1
112 157 1
112 135 1
112 141 1
112 196 1
112 130 1
112 187 1
112 121 1
112 134 1
112 189 1
112 136 1
112 114 1
112 184 1
112 122 1
113 160 1
113 149 1
113 162 1
113 140 1
113 195 1
113 133 1
113 146 1
113 135 1
113 148 1
113 190 1
113 130 1
113 185 1
113 198 1
113 119 1
113 132 1
113 187 1
113 134 1
113 123 1
113 178 1
113 125 1
113 114 1
113 169 1
113 129 1
113 184 1
113 186 1
113 122 1
113 166 1
113 170 1
113 117 1
113 159 1
113 161 1
113 163 1
113 165 1
113 154 1
113 145 1
114 146 1
114 135 1
114 152 1
114 128 1
114 130 1
114 145 1
114 121 1
114 134 1
114 189 1
114 123 1
114 136 1
114 125 1
114 195 1
114 184 1
114 197 1
114 120 1
114 175 1
114 188 1
114 122 1
114 168 1
114 117 1
114 172 1
114 185 1
114 161 1
114 165 1
114 178 1
114 154 1
114 167 1
114 158 1
114 171 1
114 160 1
114 162 1
114 151 1
114 164 1
114 153 1
115 118 1
115 175 1
115 164 1
115 124 1
115 168 1
115 170 1
115 152 1
115 167 1
115 145 1
115 158 1
115 147 1
115 160 1
115 151 1
115 142 1
115 197 1
115 146 1
115 135 1
115 139 1
115 194 1
115 143 1
115 119 1
115 132 1
115 121 1
115 123 1
115 125 1
115 180 1
115 193 1
116 192 1
116 139 1
116 194 1
116 128 1
116 196 1
116 119 1
116 187 1
116 121 1
116 134 1
116 136 1
116 191 1
116 125 1
116 138 1
116 180 1
116 184 1
116 118 1
116 131 1
116 186 1
116 175 1
116 188 1
116 124 1
116 166 1
116 179 1
116 183 1
116 117 1
116 159 1
116 174 1
116 163 1
116 152 1
116 167 1
116 158 1
116 147 1
116 160 1
116 149 1
116 151 1
116 140 1
116 153 1
116 197 1
116 135 1
117 158 1
117 149 1
117 162 1
117 151 1
117 153 1
117 155 1
117 197 1
117 133 1
117 146 1
117 192 1
117 126 1
117 139 1
117 128 1
117 141 1
117 196 1
117 143 1
117 121 1
117 191 1
117 125 1
117 180 1
117 193 1
117 127 1
117 182 1
117 118 1
117 186 1
117 175 1
117 188 1
117 124 1
117 181 1
117 170 1
117 183 1
117 172 1
117 161 1
117 174 1
117 176 1
117 152 1
117 154 1
118 172 1
118 178 1
118 156 1
118 147 1
118 149 1
118 151 1
118 164 1
118 140 1
118 155 1
118 199 1
118 192 1
118 152 1
118 194 1
118 128 1
118 196 1
118 130 1
118 185 1
118 198 1
118 132 1
118 187 1
118 134 1
118 189 1
118 123 1
118 136 1
118 191 1
118 195 1
118 129 1
118 197 1
118 131 1
118 173 1
118 120 1
118 133 1
118 190 1
118 124 1
118 179 1
118 183 1
119 180 1
119 193 1
119 140 1
119 129 1
119 184 1
119 190 1
119 124 1
119 166 1
119 179 1
119 170 1
119 183 1
119 174 1
119 165 1
119 178 1
119 167 1
119 169 1
119 171 1
119 162 1
119 151 1
119 153 1
119 199 1
119 146 1
119 159 1
119 137 1
119 150 1
119 152 1
119 196 1
119 198 1
119 132 1
119 187 1
119 123 1
119 191 1
120 176 1
120 165 1
120 167 1
120 156 1
120 145 1
120 158 1
120 160 1
120 149 1
120 153 1
120 197 1
120 146 1
120 135 1
120 148 1
120 150 1
120 192 1
120 126 1
120 194 1
120 128 1
120 183 1
120 143 1
120 198 1
120 187 1
120 121 1
120 134 1
120 189 1
120 136 1
120 191 1
120 180 1
120 193 1
120 127 1
120 129 1
120 184 1
120 131 1
120 173 1
120 188 1
120 164 1
120 177 1
120 124 1
120 166 1
120 179 1
120 168 1
120 181 1
120 157 1
121 173 1
121 175 1
121 164 1
121 177 1
121 166 1
121 168 1
121 181 1
121 183 1
121 161 1
121 174 1
121 152 1
121 165 1
121 154 1
121 160 1
121 140 1
121 153 1
121 142 1
121 155 1
121 197 1
121 144 1
121 157 1
121 199 1
121 135 1
121 190 1
121 150 1
121 126 1
121 139 1
121 128 1
121 141 1
121 196 1
121 130 1
121 143 1
121 132 1
121 187 1
121 189 1
121 123 1
121 138 1
121 180 1
121 193 1
122 170 1
122 183 1
122 163 1
122 176 1
122 165 1
122 156 1
122 169 1
122 171 1
122 160 1
122 151 1
122 164 1
122 157 1
122 161 1
122 137 1
122 150 1
122 139 1
122 194 1
122 123 1
122 191 1
122 125 1
122 138 1
122 140 1
122 182 1
122 195 1
122 129 1
122 133 1
122 175 1
122 188 1
122 177 1
122 190 1
122 124 1
122 192 1
123 153 1
123 155 1
123 144 1
123 157 1
123 135 1
123 148 1
123 137 1
123 150 1
123 192 1
123 152 1
123 141 1
123 196 1
123 143 1
123 132 1
123 189 1
123 191 1
123 193 1
123 129 1
123 186 1
123 175 1
123 177 1
123 190 1
123 124 1
123 168 1
123 161 1
123 174 1
123 156 1
123 164 1
124 161 1
124 163 1
124 154 1
124 167 1
124 156 1
124 171 1
124 164 1
124 153 1
124 142 1
124 155 1
124 144 1
124 157 1
124 199 1
124 148 1
124 192 1
124 132 1
124 187 1
124 134 1
124 136 1
124 138 1
124 193 1
124 127 1
124 173 1
124 175 1
124 188 1
124 177 1
124 126 1
124 168 1
124 172 1
125 146 1
125 135 1
125 137 1
125 194 1
125 141 1
125 196 1
125 130 1
125 198 1
125 132 1
125 189 1
125 178 1
125 180 1
125 193 1
125 127 1
125 195 1
125 129 1
125 171 1
125 173 1
125 181 1
125 159 1
125 161 1
125 165 1
125 154 1
125 169 1
125 149 1
125 138 1
125 155 1
125 197 1
125 144 1
126 130 1
126 147 1
126 136 1
126 138 1
126 140 1
126 182 1
126 129 1
126 197 1
126 133 1
126 188 1
126 177 1
126 179 1
126 168 1
126 181 1
126 167 1
126 171 1
126 149 1
126 162 1
126 164 1
126 142 1
126 155 1
126 144 1
126 157 1
126 146 1
126 159 1
126 135 1
126 148 1
126 150 1
126 139 1
126 152 1
126 141 1
127 179 1
127 168 1
127 183 1
127 159 1
127 161 1
127 174 1
127 163 1
127 176 1
127 165 1
127 154 1
127 158 1
127 149 1
127 162 1
127 151 1
127 140 1
127 142 1
127 155 1
127 157 1
127 199 1
127 146 1
127 135 1
127 148 1
127 137 1
127 194 1
127 132 1
127 134 1
127 180 1
127 184 1
127 175 1
127 190 1
128 189 1
128 191 1
128 180 1
128 182 1
128 129 1
128 184 1
128 175 1
128 188 1
128 177 1
128 190 1
128 181 1
128 183 1
128 174 1
128 176 1
128 154 1
128 167 1
128 156 1
128 169 1
128 158 1
128 171 1
128 151 1
128 164 1
128 155 1
128 157 1
128 133 1
128 135 1
128 150 1
128 194 1
128 141 1
128 130 1
128 143 1
128 132 1
129 199 1
129 152 1
129 185 1
129 132 1
129 187 1
129 191 1
129 138 1
129 173 1
129 175 1
129 188 1
129 168 1
129 181 1
129 161 1
129 163 1
129 176 1
129 154 1
129 167 1
129 158 1
129 147 1
129 160 1
129 164 1
130 193 1
130 171 1
130 184 1
130 131 1
130 186 1
130 166 1
130 181 1
130 157 1
130 170 1
130 174 1
130 176 1
130 152 1
130 154 1
130 167 1
130 169 1
130 145 1
130 147 1
130 149 1
130 151 1
130 140 1
130 155 1
130 146 1
130 148 1
130 190 1
130 150 1
130 139 1
130 194 1
130 141 1
130 134 1
130 191 1
131 179 1
131 192 1
131 168 1
131 172 1
131 174 1
131 163 1
131 165 1
131 167 1
131 171 1
131 149 1
131 162 1
131 153 1
131 137 1
131 150 1
131 152 1
131 141 1
131 154 1
131 143 1
131 145 1
131 187 1
131 136 1
131 193 1
131 182 1
131 184 1
131 199 1
132 160 1
132 149 1
132 162 1
132 151 1
132 197 1
132 157 1
132 199 1
132 133 1
132 146 1
132 137 1
132 150 1
132 139 1
132 185 1
132 198 1
132 145 1
132 178 1
132 180 1
132 193 1
132 195 1
132 184 1
132 190 1
132 159 1
132 161 1
132 152 1
132 154 1
132 167 1
132 156 1
132 147 1
133 183 1
133 159 1
133 169 1
133 158 1
133 162 1
133 144 1
133 157 1
133 146 1
133 137 1
133 150 1
133 192 1
133 139 1
133 198 1
133 187 1
133 134 1
133 178 1
133 191 1
133 138 1
133 197 1
133 173 1
133 188 1
133 177 1
133 190 1
134 195 1
134 155 1
134 197 1
134 146 1
134 192 1
134 194 1
134 143 1
134 185 1
134 189 1
134 136 1
134 178 1
134 180 1
134 193 1
134 169 1
134 182 1
134 173 1
134 175 1
134 177 1
134 157 1
134 170 1
134 150 1
134 163 1
134 165 1
134 154 1
134 158 1
134 160 1
134 149 1
134 138 1
134 151 1
135 150 1
135 141 1
135 143 1
135 198 1
135 145 1
135 187 1
135 147 1
135 136 1
135 191 1
135 138 1
135 193 1
135 182 1
135 195 1
135 173 1
135 186 1
135 177 1
135 192 1
135 172 1
135 163 1
135 178 1
135 154 1
135 158 1
135 162 1
135 151 1
135 153 1
135 166 1
135 199 1
135 159 1
136 160 1
136 142 1
136 155 1
136 159 1
136 139 1
136 152 1
136 143 1
136 145 1
136 189 1
136 195 1
136 186 1
136 199 1
136 188 1
136 177 1
136 179 1
136 170 1
136 185 1
136 178 1
136 169 1
137 185 1
137 187 1
137 189 1
137 138 1
137 180 1
137 195 1
137 171 1
137 184 1
137 175 1
137 188 1
137 166 1
137 161 1
137 174 1
137 163 1
137 154 1
137 167 1
137 156 1
137 169 1
137 160 1
137 149 1
137 164 1
137 140 1
137 142 1
137 197 1
137 144 1
137 199 1
137 148 1
137 192 1
137 194 1
138 164 1
138 152 1
138 187 1
138 189 1
138 178 1
138 193 1
138 182 1
138 195 1
138 197 1
138 173 1
138 175 1
138 190 1
138 183 1
138 161 1
138 176 1
138 167 1
138 158 1
138 147 1
138 149 1
139 163 1
139 176 1
139 178 1
139 156 1
139 171 1
139 149 1
139 155 1
139 148 1
139 150 1
139 152 1
139 194 1
139 141 1
139 196 1
139 185 1
139 198 1
139 180 1
139 195 1
139 197 1
139 186 1
139 188 1
139 177 1
139 190 1
139 166 1
139 183 1
139 172 1
139 161 1
140 186 1
140 179 1
140 170 1
140 183 1
140 172 1
140 174 1
140 156 1
140 169 1
140 171 1
140 151 1
140 164 1
140 144 1
140 159 1
140 152 1
140 189 1
140 180 1
140 193 1
141 196 1
141 198 1
141 145 1
141 187 1
141 189 1
141 193 1
141 182 1
141 175 1
141 190 1
141 185 1
141 176 1
141 154 1
141 156 1
141 162 1
141 151 1
141 164 1
141 166 1
141 155 1
141 146 1
141 159 1
141 148 1
141 152 1
142 166 1
142 168 1
142 181 1
142 183 1
142 159 1
142 174 1
142 165 1
142 154 1
142 167 1
142 160 1
142 149 1
142 146 1
142 148 1
142 194 1
142 178 1
142 193 1
142 182 1
142 195 1
142 171 1
142 184 1
142 175 1
142 188 1
143 178 1
143 167 1
143 180 1
143 156 1
143 171 1
143 173 1
143 162 1
143 151 1
143 146 1
143 150 1
143 154 1
143 196 1
143 198 1
143 145 1
143 190 1
143 179 1
143 183 1
143 172 1
144 199 1
144 150 1
144 192 1
144 152 1
144 194 1
144 198 1
144 145 1
144 180 1
144 182 1
144 166 1
144 183 1
144 172 1
144 161 1
144 165 1
144 154 1
144 156 1
144 151 1
144 153 1
145 154 1
145 167 1
145 169 1
145 171 1
145 162 1
145 157 1
145 199 1
145 159 1
145 148 1
145 152 1
145 187 1
145 189 1
145 191 1
145 180 1
145 193 1
145 195 1
145 184 1
145 173 1
145 168 1
145 185 1
145 174 1
145 165 1
146 192 1
146 198 1
146 189 1
146 178 1
146 184 1
146 186 1
146 175 1
146 188 1
146 164 1
146 177 1
146 166 1
146 179 1
146 168 1
146 183 1
146 159 1
146 174 1
146 154 1
146 169 1
146 158 1
146 147 1
146 160 1
146 162 1
146 157 1
147 189 1
147 182 1
147 195 1
147 197 1
147 186 1
147 177 1
147 192 1
147 168 1
147 181 1
147 170 1
147 183 1
147 174 1
147 163 1
147 176 1
147 165 1
147 178 1
147 167 1
147 180 1
147 158 1
147 160 1
147 162 1
147 151 1
147 164 1
147 166 1
147 155 1
147 157 1
147 152 1
147 196 1
147 198 1
148 150 1
148 154 1
148 196 1
148 198 1
148 189 1
148 186 1
148 177 1
148 183 1
148 172 1
148 163 1
148 176 1
148 180 1
148 173 1
148 153 1
148 166 1
148 155 1
149 175 1
149 179 1
149 181 1
149 172 1
149 176 1
149 178 1
149 158 1
149 160 1
149 151 1
149 153 1
149 155 1
149 157 1
149 199 1
149 150 1
149 187 1
149 191 1
150 192 1
150 152 1
150 191 1
150 193 1
150 195 1
150 197 1
150 173 1
150 175 1
150 188 1
150 168 1
150 181 1
150 170 1
150 174 1
150 176 1
150 154 1
150 156 1
150 160 1
150 151 1
150 164 1
150 157 1
150 159 1
151 173 1
151 162 1
151 194 1
151 196 1
151 191 1
151 193 1
151 182 1
151 188 1
151 179 1
151 168 1
151 170 1
151 185 1
151 161 1
151 174 1
151 165 1
151 178 1
151 169 1
151 158 1
152 176 1
152 167 1
152 169 1
152 155 1
152 159 1
152 194 1
152 154 1
152 195 1
152 175 1
152 192 1
152 168 1
153 155 1
153 194 1
153 178 1
153 191 1
153 180 1
153 195 1
153 190 1
153 166 1
153 181 1
153 183 1
153 154 1
153 167 1
153 156 1
153 160 1
153 164 1
154 163 1
154 165 1
154 178 1
154 156 1
154 169 1
154 160 1
154 199 1
154 191 1
154 180 1
154 193 1
154 195 1
154 188 1
154 190 1
154 179 1
154 183 1
155 184 1
155 197 1
155 175 1
155 188 1
155 177 1
155 181 1
155 170 1
155 183 1
155 172 1
155 161 1
155 165 1
155 169 1
155 158 1
155 162 1
155 164 1
155 166 1
155 199 1
155 196 1
155 180 1
155 193 1
156 198 1
156 187 1
156 189 1
156 191 1
156 197 1
156 175 1
156 188 1
156 179 1
156 168 1
156 183 1
156 161 1
156 163 1
156 178 1
156 169 1
156 160 1
156 173 1
156 162 1
156 157 1
156 199 1
157 159 1
157 194 1
157 196 1
157 198 1
157 187 1
157 195 1
157 184 1
157 199 1
157 188 1
157 177 1
157 172 1
157 185 1
157 161 1
157 163 1
157 165 1
157 167 1
157 180 1
157 162 1
158 178 1
158 191 1
158 180 1
158 193 1
158 182 1
158 173 1
158 179 1
158 170 1
158 159 1
158 172 1
158 161 1
158 174 1
158 176 1
158 165 1
158 169 1
158 171 1
158 199 1
158 198 1
159 196 1
159 185 1
159 187 1
159 189 1
159 180 1
159 182 1
159 173 1
159 175 1
159 177 1
159 190 1
159 179 1
159 168 1
159 181 1
159 183 1
159 164 1
160 169 1
160 164 1
160 199 1
160 192 1
160 198 1
160 187 1
160 191 1
160 182 1
160 195 1
160 197 1
160 170 1
160 172 1
160 174 1
161 177 1
161 179 1
161 170 1
161 183 1
161 172 1
161 171 1
161 166 1
161 194 1
161 191 1
161 193 1
161 197 1
161 186 1
161 188 1
162 187 1
162 189 1
162 195 1
162 186 1
162 175 1
162 177 1
162 192 1
162 168 1
162 170 1
162 171 1
162 164 1
163 183 1
163 174 1
163 176 1
163 171 1
163 164 1
163 197 1
163 194 1
163 185 1
163 187 1
163 189 1
163 180 1
163 182 1
163 181 1
164 167 1
164 180 1
164 171 1
164 191 1
164 186 1
164 190 1
164 181 1
164 183 1
164 174 1
164 187 1
164 165 1
165 192 1
165 194 1
165 196 1
165 191 1
165 180 1
165 195 1
165 184 1
165 197 1
165 175 1
165 190 1
165 179 1
165 168 1
165 170 1
165 183 1
165 172 1
165 167 1
165 169 1
165 171 1
166 198 1
166 191 1
166 180 1
166 195 1
166 186 1
166 175 1
166 188 1
166 190 1
166 172 1
166 185 1
166 176 1
166 178 1
166 169 1
167 170 1
167 174 1
167 176 1
167 173 1
167 196 1
167 189 1
167 191 1
167 182 1
167 186 1
167 175 1
168 182 1
168 195 1
168 184 1
168 197 1
168 186 1
168 177 1
168 172 1
168 178 1
168 169 1
168 173 1
168 198 1
169 196 1
169 198 1
169 193 1
169 182 1
169 195 1
169 179 1
169 181 1
169 170 1
169 183 1
169 174 1
169 176 1
170 186 1
170 175 1
170 188 1
170 172 1
170 185 1
170 174 1
170 176 1
170 199 1
170 192 1
170 198 1
170 189 1
170 191 1
170 180 1
170 193 1
170 182 1
170 195 1
170 197 1
171 196 1
171 191 1
171 193 1
171 182 1
171 184 1
171 197 1
171 175 1
171 179 1
171 181 1
171 172 1
171 185 1
172 182 1
172 184 1
172 175 1
172 192 1
172 185 1
172 180 1
173 174 1
173 176 1
173 194 1
173 196 1
173 191 1
173 195 1
173 184 1
173 186 1
173 199 1
173 188 1
173 185 1
174 175 1
174 188 1
174 177 1
174 190 1
174 179 1
174 192 1
174 194 1
174 185 1
174 187 1
174 176 1
174 178 1
174 196 1
174 198 1
174 193 1
174 195 1
175 187 1
175 189 1
175 180 1
175 184 1
175 186 1
175 190 1
175 179 1
175 185 1
175 178 1
176 179 1
176 192 1
176 185 1
176 196 1
176 187 1
176 189 1
176 191 1
176 180 1
176 197 1
176 186 1
177 182 1
177 195 1
177 188 1
177 194 1
177 196 1
177 198 1
178 198 1
178 189 1
178 191 1
178 193 1
178 182 1
178 195 1
178 186 1
178 199 1
178 188 1
178 181 1
179 197 1
179 186 1
179 190 1
179 183 1
179 199 1
179 192 1
179 194 1
179 196 1
179 185 1
179 198 1
180 194 1
180 187 1
180 191 1
180 193 1
180 182 1
180 197 1
180 188 1
180 190 1
180 185 1
181 191 1
181 193 1
181 186 1
181 199 1
181 194 1
181 198 1
182 194 1
182 196 1
182 189 1
182 195 1
182 197 1
182 192 1
183 193 1
183 195 1
183 184 1
183 197 1
183 199 1
183 188 1
183 192 1
183 185 1
183 187 1
183 196 1
183 198 1
183 189 1
184 199 1
184 192 1
184 191 1
184 197 1
184 186 1
185 197 1
185 192 1
185 194 1
186 196 1
186 198 1
186 189 1
186 191 1
186 197 1
186 199 1
186 188 1
187 196 1
187 198 1
187 193 1
187 195 1
187 199 1
187 188 1
188 196 1
188 191 1
188 193 1
188 197 1
188 190 1
188 192 1
189 199 1
189 190 1
189 198 1
189 191 1
190 191 1
190 195 1
190 199 1
190 194 1
191 192 1
191 199 1
191 194 1
191 198 1
191 195 1
191 197 1
192 195 1
192 199 1
192 196 1
192 198 1
193 197 1
193 195 1
195 198 1
195 197 1
195 199 1
196 199 1
